group_id	items_in_group	lo_value	p	FDR	goodsgrna
STAT2	8	3.3518e-09	2.3518e-06	0.004950	8
LY6E	8	5.7154e-07	7.0553e-06	0.007426	8
IFNAR1	8	1.4278e-06	1.1759e-05	0.008251	6
STAT1	8	5.9777e-06	3.5277e-05	0.018564	7
IFI6	8	6.9243e-06	4.4684e-05	0.018812	8
DAXX	8	6.3031e-05	4.0686e-04	0.135078	8
CMTR1	8	7.0400e-05	4.4919e-04	0.135078	6
APOL6	8	1.9234e-04	1.2112e-03	0.283278	8
HERC5	8	3.8481e-04	2.4952e-03	0.459736	7
IQGAP2	8	4.2546e-04	2.7869e-03	0.459736	6
ATP1B1	8	4.7470e-04	3.1020e-03	0.459736	6
LAD1	8	4.7513e-04	3.1067e-03	0.459736	7
IRF9	8	5.0552e-04	3.2760e-03	0.459736	6
WHAMM	8	7.0072e-04	4.2497e-03	0.549505	6
FTSJD2	8	7.7885e-04	4.7294e-03	0.549505	6
KCTD19	8	8.1099e-04	4.8799e-03	0.549505	4
RHOB	8	8.2935e-04	4.9599e-03	0.549505	4
NonTargetingControlGuideForHuman_0025	1	1.2011e-03	1.2065e-03	0.283278	1
DUOX2	8	1.2945e-03	7.3822e-03	0.776980	6
SLC37A2	8	1.5280e-03	8.5958e-03	0.861622	3
HEY2	8	1.7431e-03	9.6682e-03	0.920501	6
KLK9	8	1.8277e-03	1.0153e-02	0.920501	4
SPSB1	8	2.1040e-03	1.1587e-02	0.920501	7
PYHIN1	8	2.1720e-03	1.1907e-02	0.920501	7
USP41	8	2.3350e-03	1.2631e-02	0.920501	4
CENPP	8	2.4403e-03	1.3205e-02	0.920501	7
NonTargetingControlGuideForHuman_0015	1	2.4997e-03	2.4811e-03	0.459736	1
RIN2	8	2.6723e-03	1.4381e-02	0.920501	3
CYP2J2	8	2.7391e-03	1.4696e-02	0.920501	7
TXNIP	8	2.8069e-03	1.5063e-02	0.920501	6
CD9	8	2.8417e-03	1.5232e-02	0.920501	7
FITM1	8	2.8532e-03	1.5336e-02	0.920501	2
PLAC4	8	2.9549e-03	1.5825e-02	0.920501	7
TRIM5	8	3.0009e-03	1.6098e-02	0.920501	5
NMRAL1	8	3.0724e-03	1.6427e-02	0.920501	7
C5orf34	8	3.2846e-03	1.7561e-02	0.920501	7
COL27A1	8	3.2886e-03	1.7584e-02	0.920501	7
APOBEC3D	8	3.6038e-03	1.9000e-02	0.920501	6
C1orf74	8	3.6489e-03	1.9226e-02	0.920501	7
MED18	8	3.9933e-03	2.0938e-02	0.920501	3
PIPOX	8	4.0615e-03	2.1253e-02	0.920501	6
TRIM14	8	4.0995e-03	2.1422e-02	0.920501	7
ZNF200	8	4.1386e-03	2.1601e-02	0.920501	7
GJA3	8	4.1697e-03	2.1766e-02	0.920501	5
IGF2BP3	8	4.2449e-03	2.2109e-02	0.920501	4
OSBPL6	8	4.2869e-03	2.2278e-02	0.920501	6
C12orf60	8	4.2912e-03	2.2302e-02	0.920501	4
LGMN	8	4.4065e-03	2.2918e-02	0.927742	6
DEFB1	8	4.5591e-03	2.3581e-02	0.936578	4
CHI3L2	8	4.7029e-03	2.4282e-02	0.938604	5
GBP7	8	4.8361e-03	2.4898e-02	0.938604	5
BAG1	8	4.9238e-03	2.5373e-02	0.938604	3
UBA6	8	5.0067e-03	2.5688e-02	0.938604	5
DUSP16	8	5.0924e-03	2.6102e-02	0.938604	6
SPDYA	8	5.4408e-03	2.7683e-02	0.938604	6
C2	8	5.4452e-03	2.7702e-02	0.938604	6
TCN2	8	5.6863e-03	2.8845e-02	0.938604	7
C17orf96	8	5.9061e-03	2.9912e-02	0.938604	4
P2RX4	8	5.9579e-03	3.0190e-02	0.938604	6
TRIM69	8	6.0970e-03	3.0801e-02	0.938604	5
STARD4	8	6.3036e-03	3.1747e-02	0.938604	6
MAP3K5	8	6.3201e-03	3.1789e-02	0.938604	6
ARNTL2	8	6.3817e-03	3.2010e-02	0.938604	5
THNSL1	8	6.8171e-03	3.3633e-02	0.938604	5
IRF2BPL	8	7.0203e-03	3.4399e-02	0.938604	4
HAPLN3	8	7.1551e-03	3.4889e-02	0.938604	3
SPTA1	8	7.2515e-03	3.5265e-02	0.938604	5
EXOC3L1	8	7.5641e-03	3.6309e-02	0.938604	5
TCIRG1	8	7.8744e-03	3.7447e-02	0.938604	6
FAM135B	8	7.8780e-03	3.7466e-02	0.938604	5
RBKS	8	8.0226e-03	3.8017e-02	0.938604	5
IFIT5	8	8.0255e-03	3.8026e-02	0.938604	6
OAS2	8	8.1003e-03	3.8308e-02	0.938604	5
CLEC5A	8	8.2045e-03	3.8699e-02	0.938604	3
VASH1	8	8.2442e-03	3.8868e-02	0.938604	5
FPR3	8	8.4506e-03	3.9677e-02	0.938604	5
RASSF4	8	8.5382e-03	3.9964e-02	0.938604	6
NT5C3A	8	8.6025e-03	4.0199e-02	0.938604	4
FILIP1L	8	8.6330e-03	4.0349e-02	0.938604	4
TNK2	8	8.6819e-03	4.0514e-02	0.938604	6
UGT1A4	8	8.7378e-03	4.0712e-02	0.938604	4
FICD	8	8.8632e-03	4.1158e-02	0.938604	6
RASAL2	8	9.0537e-03	4.1784e-02	0.938604	5
IFIT3	8	9.2234e-03	4.2391e-02	0.938604	6
NEFH	8	9.2967e-03	4.2635e-02	0.938604	4
KRT1	8	9.3481e-03	4.2824e-02	0.938604	5
ADPRM	8	9.4651e-03	4.3252e-02	0.938604	5
KCNJ2	8	9.6180e-03	4.3713e-02	0.938657	6
SLAMF7	8	9.8590e-03	4.4446e-02	0.938657	5
AK4	8	1.0084e-02	4.5382e-02	0.938657	4
KIR2DS5	8	1.0147e-02	4.5664e-02	0.938657	6
MTF1	8	1.0301e-02	4.6201e-02	0.938657	6
DDX60	8	1.0598e-02	4.7325e-02	0.938657	4
C18orf54	8	1.0676e-02	4.7579e-02	0.938657	6
CLEC4D	8	1.0768e-02	4.7946e-02	0.938657	4
AKAP7	8	1.0830e-02	4.8096e-02	0.938657	4
FAM186B	8	1.0903e-02	4.8364e-02	0.938657	6
SEMA6B	8	1.1220e-02	4.9507e-02	0.938657	5
LOR	8	1.1299e-02	4.9785e-02	0.938657	5
FOXC1	8	1.1568e-02	5.0674e-02	0.938657	5
ZC3H12A	8	1.1625e-02	5.0890e-02	0.938657	6
IFI35	8	1.1901e-02	5.1817e-02	0.938657	6
SOCS6	8	1.2060e-02	5.2400e-02	0.938657	5
LARP4	8	1.2141e-02	5.2654e-02	0.938657	5
SEC14L3	8	1.2244e-02	5.3026e-02	0.938657	6
POP1	8	1.2244e-02	5.3026e-02	0.938657	6
BBS10	8	1.2257e-02	5.3115e-02	0.938657	6
ASCL2	8	1.2314e-02	5.3289e-02	0.938657	3
C1orf95	8	1.2844e-02	5.5264e-02	0.938657	4
AMOTL2	8	1.3069e-02	5.6158e-02	0.938657	6
NonTargetingControlGuideForHuman_0088	1	1.3083e-02	1.2909e-02	0.920501	1
RRH	8	1.3169e-02	5.6492e-02	0.938657	6
RNF213	8	1.3380e-02	5.7221e-02	0.938657	4
CCNG1	8	1.3682e-02	5.8341e-02	0.938657	3
LYSMD2	8	1.3703e-02	5.8411e-02	0.938657	6
SGIP1	8	1.4084e-02	5.9940e-02	0.938657	6
APOL2	8	1.4113e-02	6.0020e-02	0.938657	4
GCLC	8	1.4177e-02	6.0255e-02	0.938657	6
GPR68	8	1.4334e-02	6.0843e-02	0.938657	4
MAMLD1	8	1.4610e-02	6.1680e-02	0.938657	5
TOR3A	8	1.4708e-02	6.1981e-02	0.938657	3
MINPP1	8	1.4881e-02	6.2630e-02	0.938657	5
EML1	8	1.5092e-02	6.3303e-02	0.938657	3
N4BP1	8	1.5169e-02	6.3496e-02	0.938657	4
LIPA	8	1.5220e-02	6.3651e-02	0.938657	1
DYSF	8	1.5295e-02	6.3886e-02	0.938657	6
UPB1	8	1.5467e-02	6.4474e-02	0.938657	6
UBE2Z	8	1.5560e-02	6.4817e-02	0.938657	6
BST2	8	1.5733e-02	6.5462e-02	0.938657	3
FOSL1	8	1.5972e-02	6.6308e-02	0.938657	5
ALDH1B1	8	1.6016e-02	6.6431e-02	0.938657	5
MARCKS	8	1.6281e-02	6.7357e-02	0.938657	4
TNFSF18	8	1.6364e-02	6.7687e-02	0.938657	4
SIX4	8	1.6532e-02	6.8307e-02	0.938657	6
NonTargetingControlGuideForHuman_0079	1	1.6913e-02	1.7001e-02	0.920501	1
MOAP1	8	1.7402e-02	7.1238e-02	0.938657	6
ZNF132	8	1.7661e-02	7.2103e-02	0.938657	4
FFAR3	8	1.7975e-02	7.3209e-02	0.938657	6
GIMAP2	8	1.8082e-02	7.3627e-02	0.938657	5
PKIB	8	1.8453e-02	7.4850e-02	0.938657	4
NonTargetingControlGuideForHuman_0197	1	1.8472e-02	1.8525e-02	0.920501	1
ITGA1	8	1.8621e-02	7.5452e-02	0.938657	4
TPRA1	8	1.8632e-02	7.5490e-02	0.938657	4
RGS22	8	1.8802e-02	7.6115e-02	0.938657	3
SYNJ1	8	1.8944e-02	7.6595e-02	0.938657	6
NonTargetingControlGuideForHuman_0110	1	1.8991e-02	1.9165e-02	0.920501	1
NAB2	8	1.9313e-02	7.7766e-02	0.938657	2
NKD1	8	1.9354e-02	7.7926e-02	0.938657	6
NKX3-1	8	1.9772e-02	7.9318e-02	0.938657	6
MT1X	8	2.0162e-02	8.0527e-02	0.938657	3
GART	8	2.0334e-02	8.1139e-02	0.938657	4
EGR2	8	2.1353e-02	8.4389e-02	0.938657	3
PHF15	8	2.1510e-02	8.4873e-02	0.938657	6
PROCR	8	2.1658e-02	8.5438e-02	0.938657	3
PPP2R5C	8	2.1746e-02	8.5701e-02	0.938657	6
TMEM60	8	2.1748e-02	8.5706e-02	0.938657	3
HIST2H2AA3	8	2.1863e-02	8.6059e-02	0.938657	3
FASLG	8	2.2001e-02	8.6477e-02	0.938657	3
ZNF620	8	2.2199e-02	8.7140e-02	0.938657	4
ACSL1	8	2.2326e-02	8.7451e-02	0.938657	5
ADAMTS6	8	2.2372e-02	8.7616e-02	0.938657	5
LRIF1	8	2.2381e-02	8.7630e-02	0.938657	3
NEXN	8	2.2555e-02	8.8241e-02	0.938657	6
ST3GAL4	8	2.2600e-02	8.8373e-02	0.938657	6
MS4A6A	8	2.2654e-02	8.8561e-02	0.938657	5
HIST2H2BF	8	2.2881e-02	8.9238e-02	0.938657	1
COL8A1	8	2.3008e-02	8.9699e-02	0.938657	6
GGT5	8	2.3113e-02	9.0085e-02	0.938657	5
PPARG	8	2.3301e-02	9.0805e-02	0.938657	5
KIAA0040	8	2.3318e-02	9.0885e-02	0.938657	6
PSME2	8	2.3391e-02	9.1200e-02	0.938657	6
ANKEF1	8	2.3409e-02	9.1242e-02	0.938657	6
MOB3C	8	2.3462e-02	9.1369e-02	0.938657	5
42982	7	2.3618e-02	8.6741e-02	0.938657	3
APOL4	8	2.3868e-02	9.2888e-02	0.938657	5
GJA4	8	2.3899e-02	9.2992e-02	0.938657	3
CLECL1	8	2.3950e-02	9.3175e-02	0.938657	2
CNN1	8	2.4055e-02	9.3556e-02	0.938657	6
EPB41L3	8	2.4128e-02	9.3749e-02	0.938657	5
TFRC	8	2.4182e-02	9.3942e-02	0.938657	5
LDHAL6B	8	2.4407e-02	9.4582e-02	0.938657	4
TMEM255A	8	2.4556e-02	9.5042e-02	0.938657	6
IGF2BP2	8	2.4734e-02	9.5663e-02	0.938657	3
S100A8	8	2.4894e-02	9.6298e-02	0.938657	5
CTTNBP2NL	8	2.4916e-02	9.6369e-02	0.938657	2
RTP4	8	2.5180e-02	9.7145e-02	0.938657	5
C4orf32	8	2.5221e-02	9.7281e-02	0.938657	5
CXCL9	8	2.5424e-02	9.7968e-02	0.938657	4
FZD2	8	2.5651e-02	9.8758e-02	0.938657	4
KIR2DL5A	8	2.5797e-02	9.9191e-02	0.938657	6
PLEKHA4	8	2.5931e-02	9.9558e-02	0.938657	3
IFITM2	8	2.5942e-02	9.9595e-02	0.938657	4
CYP26A1	8	2.5973e-02	9.9704e-02	0.938657	6
GCNT1	8	2.5997e-02	9.9765e-02	0.938657	6
CHRNB2	8	2.6345e-02	1.0096e-01	0.938657	6
ABCB1	8	2.6439e-02	1.0122e-01	0.938657	6
NonTargetingControlGuideForHuman_0159	1	2.6652e-02	2.6789e-02	0.938604	1
IFITM1	8	2.6905e-02	1.0282e-01	0.938657	4
INSIG1	8	2.6927e-02	1.0291e-01	0.938657	4
ZC3HAV1L	8	2.7124e-02	1.0347e-01	0.938657	5
ERLIN1	8	2.7203e-02	1.0385e-01	0.938657	6
ZNF547	8	2.7383e-02	1.0436e-01	0.938657	6
PTPRU	8	2.7486e-02	1.0461e-01	0.938657	6
RADIL	8	2.7520e-02	1.0472e-01	0.938657	2
PSEN2	8	2.7544e-02	1.0480e-01	0.938657	4
TRANK1	8	2.7614e-02	1.0503e-01	0.938657	5
SOCS1	8	2.8024e-02	1.0622e-01	0.938657	5
NABP1	8	2.8083e-02	1.0640e-01	0.938657	6
CH25H	8	2.8267e-02	1.0691e-01	0.938657	6
GAREM	8	2.8849e-02	1.0879e-01	0.938657	3
IGFBP2	8	2.8973e-02	1.0926e-01	0.938657	5
IFI44	8	2.9362e-02	1.1053e-01	0.938657	6
KLHL34	8	2.9390e-02	1.1061e-01	0.938657	5
TMEM110	8	2.9571e-02	1.1122e-01	0.938657	3
PREX2	8	2.9752e-02	1.1181e-01	0.938657	5
CASP1	8	2.9951e-02	1.1238e-01	0.938657	4
CASP12	8	2.9985e-02	1.1248e-01	0.938657	3
SDC2	8	3.0219e-02	1.1328e-01	0.938657	5
BLZF1	8	3.0321e-02	1.1358e-01	0.938657	6
CXCL3	8	3.0572e-02	1.1436e-01	0.938657	6
KIAA0825	8	3.0769e-02	1.1501e-01	0.938657	5
GIMAP4	8	3.0839e-02	1.1524e-01	0.938657	5
TRPA1	8	3.0852e-02	1.1528e-01	0.938657	6
42981	8	3.0996e-02	1.1569e-01	0.938657	6
NonTargetingControlGuideForHuman_0107	1	3.1327e-02	3.1479e-02	0.938604	1
UGDH	8	3.1393e-02	1.1691e-01	0.938657	5
CD244	8	3.1501e-02	1.1730e-01	0.938657	5
BUB1	8	3.1505e-02	1.1731e-01	0.938657	5
GCA	8	3.1618e-02	1.1770e-01	0.938657	6
ATCAY	8	3.1625e-02	1.1772e-01	0.938657	5
CDH1	8	3.2160e-02	1.1940e-01	0.938657	6
IRF5	8	3.2250e-02	1.1969e-01	0.938657	6
OR52K2	8	3.2253e-02	1.1970e-01	0.938657	6
NonTargetingControlGuideForHuman_0194	1	3.2366e-02	3.2527e-02	0.938604	1
PLA2G4A	8	3.2428e-02	1.2018e-01	0.938657	6
ELF1	8	3.2487e-02	1.2044e-01	0.938657	6
RIMS3	8	3.2516e-02	1.2056e-01	0.938657	6
TLK2	8	3.2600e-02	1.2086e-01	0.938657	5
TFPI	8	3.2853e-02	1.2174e-01	0.938657	4
NFXL1	8	3.2868e-02	1.2179e-01	0.938657	6
SEMA3B	8	3.3015e-02	1.2223e-01	0.938657	3
SPPL2A	8	3.3212e-02	1.2291e-01	0.938657	3
MAB21L2	8	3.3224e-02	1.2293e-01	0.938657	6
SLC41A2	8	3.3347e-02	1.2329e-01	0.938657	4
KCTD21	8	3.3432e-02	1.2355e-01	0.938657	6
FABP5	8	3.3569e-02	1.2398e-01	0.938657	4
TYRO3	8	3.3809e-02	1.2472e-01	0.938657	5
ETV7	8	3.3853e-02	1.2485e-01	0.938657	6
CCDC181	8	3.3990e-02	1.2527e-01	0.938657	4
ENPP1	8	3.4023e-02	1.2541e-01	0.938657	2
LPL	8	3.4403e-02	1.2666e-01	0.938657	4
VGLL2	8	3.4527e-02	1.2701e-01	0.938657	3
TIMD4	8	3.4932e-02	1.2827e-01	0.938657	5
SLAMF9	8	3.5031e-02	1.2858e-01	0.938657	5
NonTargetingControlGuideForHuman_0172	1	3.5093e-02	3.5194e-02	0.938604	1
RAB39A	8	3.5769e-02	1.3089e-01	0.938657	5
NonTargetingControlGuideForHuman_0010	1	3.5937e-02	3.6036e-02	0.938604	1
TRIB2	8	3.6014e-02	1.3165e-01	0.938657	6
FAM134B	8	3.6037e-02	1.3172e-01	0.938657	4
SRRM3	6	3.6286e-02	1.2008e-01	0.938657	4
APOBEC3B	8	3.6389e-02	1.3278e-01	0.938657	4
PKLR	8	3.6540e-02	1.3334e-01	0.938657	4
PELI1	8	3.6614e-02	1.3355e-01	0.938657	4
NOTCH3	8	3.6618e-02	1.3356e-01	0.938657	6
ABTB2	8	3.6635e-02	1.3363e-01	0.938657	5
STAT4	8	3.7025e-02	1.3480e-01	0.938657	3
GIN1	8	3.7043e-02	1.3485e-01	0.938657	5
OR2B11	8	3.7257e-02	1.3553e-01	0.938657	5
C1QTNF1	8	3.7881e-02	1.3758e-01	0.938657	6
P2RY1	8	3.7968e-02	1.3785e-01	0.938657	3
HLA-C	8	3.8091e-02	1.3818e-01	0.938657	5
IL6ST	8	3.8309e-02	1.3884e-01	0.938657	3
NonTargetingControlGuideForHuman_0046	1	3.8469e-02	3.8731e-02	0.938604	1
HIST1H1D	8	3.8549e-02	1.3952e-01	0.938657	5
SLC39A8	8	3.8653e-02	1.3984e-01	0.938657	5
SLC25A19	8	3.8693e-02	1.3993e-01	0.938657	3
ZNF189	8	3.8817e-02	1.4033e-01	0.938657	5
APOBEC3A	7	3.8973e-02	1.2880e-01	0.938657	3
DYNLT1	8	3.9009e-02	1.4091e-01	0.938657	6
C5orf20	8	3.9019e-02	1.4094e-01	0.938657	4
MIA3	8	3.9043e-02	1.4101e-01	0.938657	6
SSTR2	8	3.9051e-02	1.4102e-01	0.938657	4
ASPA	8	3.9143e-02	1.4124e-01	0.938657	6
HSH2D	8	3.9226e-02	1.4150e-01	0.938657	4
DNASE1L2	8	3.9553e-02	1.4228e-01	0.938657	3
TLN2	8	3.9609e-02	1.4239e-01	0.938657	5
RTN2	8	3.9745e-02	1.4280e-01	0.938657	5
SLC25A53	8	3.9873e-02	1.4322e-01	0.938657	4
WNT1	8	4.0054e-02	1.4363e-01	0.938657	4
C6orf222	8	4.0268e-02	1.4426e-01	0.938657	3
PARS2	8	4.0555e-02	1.4496e-01	0.938657	3
RNASEL	8	4.0737e-02	1.4537e-01	0.938657	3
ZNF844	8	4.0851e-02	1.4567e-01	0.938657	4
IL7R	8	4.1056e-02	1.4621e-01	0.938657	3
LACC1	8	4.1206e-02	1.4663e-01	0.938657	3
MLKL	8	4.1556e-02	1.4749e-01	0.938657	3
FAM72A	8	4.1910e-02	1.4820e-01	0.938657	3
SERPINB7	8	4.1949e-02	1.4828e-01	0.938657	4
SLCO4A1	8	4.2557e-02	1.4963e-01	0.938657	4
EHD4	8	4.2990e-02	1.5060e-01	0.938657	4
TNFRSF12A	8	4.3192e-02	1.5101e-01	0.938657	5
DKK3	8	4.3556e-02	1.5188e-01	0.938657	4
ABCG2	8	4.4056e-02	1.5297e-01	0.938657	4
SAMD9L	8	4.4108e-02	1.5310e-01	0.938657	4
KLK8	8	4.4555e-02	1.5425e-01	0.938657	4
MICA	8	4.4665e-02	1.5450e-01	0.938657	4
METTL18	8	4.4831e-02	1.5487e-01	0.938657	5
STRIP2	8	4.5274e-02	1.5593e-01	0.938657	3
PVRIG	8	4.5553e-02	1.5662e-01	0.938657	2
ALDH1A1	8	4.5608e-02	1.5673e-01	0.938657	4
C7orf63	8	4.5920e-02	1.5738e-01	0.938657	5
TPRG1	8	4.6131e-02	1.5787e-01	0.938657	3
CETN3	8	4.6421e-02	1.5854e-01	0.938657	3
PAPOLG	8	4.6608e-02	1.5891e-01	0.938657	5
SLC28A2	8	4.6768e-02	1.5929e-01	0.938657	4
HIST1H1E	8	4.6925e-02	1.5966e-01	0.938657	3
NSUN7	8	4.6986e-02	1.5981e-01	0.938657	5
PKDCC	8	4.7366e-02	1.6069e-01	0.938657	3
LEPR	8	4.7546e-02	1.6107e-01	0.938657	5
LPPR4	8	4.8000e-02	1.6213e-01	0.938657	5
TTC26	8	4.8043e-02	1.6224e-01	0.938657	3
CA13	8	4.8487e-02	1.6323e-01	0.938657	4
TMEM194A	8	4.8541e-02	1.6332e-01	0.938657	3
GBP3	8	4.9192e-02	1.6482e-01	0.938657	4
MUC1	8	4.9535e-02	1.6564e-01	0.938657	2
KBTBD8	8	4.9875e-02	1.6631e-01	0.938657	4
NonTargetingControlGuideForHuman_0016	1	4.9896e-02	5.0537e-02	0.938657	1
SPINK1	8	4.9967e-02	1.6652e-01	0.938657	5
NAMPT	8	5.0032e-02	1.6669e-01	0.938657	3
MEP1A	8	5.0440e-02	1.6764e-01	0.938657	5
MS4A12	8	5.0535e-02	1.6787e-01	0.938657	3
KDR	8	5.0637e-02	1.6810e-01	0.938657	3
ZNF772	8	5.1517e-02	1.7015e-01	0.938657	3
RHOF	8	5.1520e-02	1.7016e-01	0.938657	4
ZNF107	8	5.1871e-02	1.7084e-01	0.938657	4
ZNF260	8	5.2176e-02	1.7144e-01	0.938657	3
TANK	8	5.2434e-02	1.7203e-01	0.938657	4
MRC2	8	5.2512e-02	1.7218e-01	0.938657	2
TNF	8	5.2538e-02	1.7221e-01	0.938657	5
P2RX7	8	5.3007e-02	1.7338e-01	0.938657	2
SPHK1	8	5.3212e-02	1.7380e-01	0.938657	4
CORIN	8	5.3250e-02	1.7385e-01	0.938657	5
NonTargetingControlGuideForHuman_0044	1	5.3272e-02	5.3642e-02	0.938657	1
OSM	8	5.3299e-02	1.7396e-01	0.938657	4
MTHFD1L	8	5.3530e-02	1.7446e-01	0.938657	4
IER3	8	5.3863e-02	1.7516e-01	0.938657	2
CDK17	8	5.3872e-02	1.7518e-01	0.938657	5
IL15	8	5.3968e-02	1.7538e-01	0.938657	5
TRIM38	8	5.4492e-02	1.7662e-01	0.938657	3
TBX1	8	5.4780e-02	1.7732e-01	0.938657	5
CYP19A1	8	5.4888e-02	1.7753e-01	0.938657	5
STX17	8	5.4911e-02	1.7757e-01	0.938657	4
MYO1E	8	5.4986e-02	1.7776e-01	0.938657	5
MAFF	8	5.5104e-02	1.7803e-01	0.938657	4
GRHL1	8	5.5480e-02	1.7888e-01	0.938657	3
RFPL4A	8	5.5720e-02	1.7940e-01	0.938657	5
IRF8	8	5.5974e-02	1.7999e-01	0.938657	4
PHC3	8	5.6365e-02	1.8095e-01	0.938657	4
GRIN2C	8	5.6468e-02	1.8117e-01	0.938657	4
PTPRD	8	5.6560e-02	1.8134e-01	0.938657	5
DCDC2B	8	5.6631e-02	1.8148e-01	0.938657	4
DDX4	8	5.6706e-02	1.8165e-01	0.938657	4
INHBA	8	5.6958e-02	1.8218e-01	0.938657	5
APOBEC3G	8	5.6962e-02	1.8219e-01	0.938657	3
RPL22	8	5.7058e-02	1.8243e-01	0.938657	5
NonTargetingControlGuideForHuman_0105	1	5.7103e-02	5.7456e-02	0.938657	1
MTHFD2L	8	5.7298e-02	1.8299e-01	0.938657	4
TOR1AIP2	8	5.7366e-02	1.8315e-01	0.938657	4
SGPP2	8	5.7461e-02	1.8337e-01	0.938657	5
ZNF28	8	5.7912e-02	1.8428e-01	0.938657	5
AGT	8	5.8825e-02	1.8620e-01	0.938657	5
HLA-A	8	5.8934e-02	1.8650e-01	0.938657	5
ZNF572	8	5.9001e-02	1.8666e-01	0.938657	3
SLC18B1	8	5.9008e-02	1.8668e-01	0.938657	4
UGT1A6	8	5.9426e-02	1.8763e-01	0.938657	3
SLC2A3	8	5.9499e-02	1.8776e-01	0.938657	4
MYO1C	8	5.9918e-02	1.8873e-01	0.938657	2
RGS13	8	6.0397e-02	1.8973e-01	0.938657	3
DUSP28	8	6.0410e-02	1.8978e-01	0.938657	1
CCR1	7	6.0843e-02	1.8401e-01	0.938657	4
G6PC	8	6.1393e-02	1.9211e-01	0.938657	5
GPR161	8	6.1413e-02	1.9215e-01	0.938657	5
FAM129A	8	6.3155e-02	1.9574e-01	0.938657	3
TNFSF14	8	6.3270e-02	1.9598e-01	0.938657	5
SPP1	8	6.3357e-02	1.9613e-01	0.938657	4
FAM90A1	8	6.3989e-02	1.9753e-01	0.938657	2
MB21D1	8	6.4167e-02	1.9791e-01	0.938657	4
GEM	8	6.4338e-02	1.9825e-01	0.938657	3
CR1L	8	6.4547e-02	1.9872e-01	0.938657	3
ZNF816	8	6.4687e-02	1.9903e-01	0.938657	4
DDIT4	8	6.4828e-02	1.9935e-01	0.938657	2
ATP6V0D2	8	6.5247e-02	2.0026e-01	0.938657	4
USP37	8	6.5317e-02	2.0044e-01	0.938657	3
OLFML3	8	6.5388e-02	2.0057e-01	0.938657	3
ALDH1L2	8	6.5546e-02	2.0091e-01	0.938657	5
PDCD1LG2	8	6.5923e-02	2.0166e-01	0.938657	4
ATP6V0A1	8	6.6296e-02	2.0243e-01	0.938657	2
C1orf173	8	6.6324e-02	2.0251e-01	0.938657	3
ALYREF	8	6.6515e-02	2.0285e-01	0.938657	2
FCGR2A	8	6.6585e-02	2.0301e-01	0.938657	5
ZNF541	8	6.6785e-02	2.0350e-01	0.938657	2
FAM84B	8	6.7020e-02	2.0402e-01	0.938657	3
KIR3DL1	8	6.7044e-02	2.0407e-01	0.938657	5
LGALS2	8	6.7429e-02	2.0481e-01	0.938657	5
ACAP1	8	6.7650e-02	2.0530e-01	0.938657	4
MYO10	8	6.7763e-02	2.0556e-01	0.938657	2
ZKSCAN7	8	6.7842e-02	2.0575e-01	0.938657	4
RGS20	8	6.8070e-02	2.0620e-01	0.938657	4
EXT1	8	6.8246e-02	2.0660e-01	0.938657	3
EGR1	8	6.8251e-02	2.0661e-01	0.938657	3
SUCNR1	8	6.8739e-02	2.0769e-01	0.938657	1
CETP	8	6.8791e-02	2.0785e-01	0.938657	2
NonTargetingControlGuideForHuman_0142	1	6.8920e-02	6.9305e-02	0.938657	1
CDKN2B	8	6.9746e-02	2.1010e-01	0.938657	5
CCDC89	8	7.0018e-02	2.1083e-01	0.938657	4
42798	8	7.0089e-02	2.1098e-01	0.938657	5
B3GALT2	8	7.0375e-02	2.1167e-01	0.938657	3
SNX5	8	7.0690e-02	2.1235e-01	0.938657	4
RSPH9	8	7.0722e-02	2.1247e-01	0.938657	5
OSBPL5	8	7.0780e-02	2.1261e-01	0.938657	5
SCN4B	8	7.0805e-02	2.1268e-01	0.938657	3
LPAR6	8	7.1011e-02	2.1308e-01	0.938657	5
GRAMD1B	8	7.1177e-02	2.1347e-01	0.938657	3
UNC93B1	8	7.1364e-02	2.1396e-01	0.938657	4
CNGA1	8	7.1385e-02	2.1403e-01	0.938657	4
CEACAM3	8	7.1633e-02	2.1456e-01	0.938657	4
CCDC42B	8	7.1663e-02	2.1463e-01	0.938657	2
NKD2	8	7.1820e-02	2.1499e-01	0.938657	4
TMEM140	8	7.1824e-02	2.1499e-01	0.938657	5
CBY3	8	7.2054e-02	2.1544e-01	0.938657	5
SKIL	8	7.2150e-02	2.1565e-01	0.938657	2
SAMSN1	8	7.2636e-02	2.1666e-01	0.938657	3
NonTargetingControlGuideForHuman_0190	1	7.3010e-02	7.3528e-02	0.938657	1
LCN12	8	7.3279e-02	2.1821e-01	0.938657	2
FNDC7	8	7.3290e-02	2.1824e-01	0.938657	5
HEY1	8	7.3449e-02	2.1860e-01	0.938657	4
ZNF829	8	7.3608e-02	2.1899e-01	0.938657	4
LYPLA1	8	7.3704e-02	2.1918e-01	0.938657	5
GTF2E1	8	7.4094e-02	2.1992e-01	0.938657	5
NUDCD1	8	7.4307e-02	2.2041e-01	0.938657	4
CD84	8	7.4776e-02	2.2138e-01	0.938657	5
NFKB1	8	7.4896e-02	2.2160e-01	0.938657	4
IL18	8	7.5065e-02	2.2194e-01	0.938657	3
PEA15	8	7.5103e-02	2.2203e-01	0.938657	4
PLA2G16	8	7.5550e-02	2.2313e-01	0.938657	3
CCL7	8	7.5658e-02	2.2337e-01	0.938657	3
CPA6	8	7.5937e-02	2.2396e-01	0.938657	4
STAP1	8	7.6229e-02	2.2465e-01	0.938657	4
SLC1A4	8	7.6275e-02	2.2471e-01	0.938657	4
NonTargetingControlGuideForHuman_0117	1	7.6386e-02	7.7004e-02	0.938657	1
HIST1H1C	8	7.6519e-02	2.2527e-01	0.938657	4
TAGAP	8	7.6705e-02	2.2561e-01	0.938657	4
IDO2	6	7.7795e-02	2.0569e-01	0.938657	2
THBD	8	7.7808e-02	2.2795e-01	0.938657	5
BCL2L14	8	7.8018e-02	2.2838e-01	0.938657	4
NUP62	8	7.8278e-02	2.2893e-01	0.938657	4
STEAP4	8	7.8424e-02	2.2920e-01	0.938657	5
SLC15A3	8	7.9034e-02	2.3048e-01	0.938657	4
TBX3	8	7.9129e-02	2.3062e-01	0.938657	3
LMNB1	8	7.9219e-02	2.3076e-01	0.938657	3
ERI2	8	7.9890e-02	2.3224e-01	0.938657	4
GIMAP7	8	7.9905e-02	2.3229e-01	0.938657	4
CBWD2	8	7.9973e-02	2.3249e-01	0.938657	3
LAMP3	8	8.0122e-02	2.3283e-01	0.938657	4
TNFSF15	8	8.0124e-02	2.3284e-01	0.938657	3
HERC6	8	8.0227e-02	2.3309e-01	0.938657	5
GZMB	8	8.0275e-02	2.3316e-01	0.938657	3
TDRD6	8	8.0343e-02	2.3330e-01	0.938657	5
TLR1	8	8.0388e-02	2.3344e-01	0.938657	2
ATF3	8	8.0870e-02	2.3444e-01	0.938657	4
NonTargetingControlGuideForHuman_0171	1	8.0931e-02	8.1722e-02	0.938657	1
NR4A3	8	8.0934e-02	2.3458e-01	0.938657	5
TRADD	8	8.1336e-02	2.3545e-01	0.938657	2
ST8SIA4	8	8.1353e-02	2.3549e-01	0.938657	3
ZNF436	8	8.1488e-02	2.3585e-01	0.938657	3
CYP1A1	8	8.1613e-02	2.3614e-01	0.938657	5
PML	8	8.1835e-02	2.3659e-01	0.938657	4
ZSCAN22	8	8.2291e-02	2.3762e-01	0.938657	3
PLSCR1	8	8.2317e-02	2.3766e-01	0.938657	3
DNAJC28	8	8.2861e-02	2.3889e-01	0.938657	3
NonTargetingControlGuideForHuman_0043	1	8.3139e-02	8.3970e-02	0.938657	1
CHRNA6	8	8.3143e-02	2.3944e-01	0.938657	5
SERPINB2	8	8.3280e-02	2.3971e-01	0.938657	4
NonTargetingControlGuideForHuman_0168	1	8.3593e-02	8.4370e-02	0.938657	1
PUS1	8	8.3761e-02	2.4083e-01	0.938657	2
LHFPL1	8	8.3853e-02	2.4100e-01	0.938657	5
CACNA1I	8	8.3915e-02	2.4119e-01	0.938657	5
RABGAP1L	8	8.4087e-02	2.4145e-01	0.938657	4
HOMER2	8	8.4432e-02	2.4220e-01	0.938657	3
LYPD3	8	8.4723e-02	2.4280e-01	0.938657	3
SERPINB9	8	8.5021e-02	2.4345e-01	0.938657	4
IER5L	8	8.5204e-02	2.4378e-01	0.938657	2
LAIR2	8	8.5474e-02	2.4441e-01	0.938657	4
RMI1	8	8.5711e-02	2.4488e-01	0.938657	3
ISG20	8	8.6324e-02	2.4628e-01	0.938657	5
GPR15	8	8.6403e-02	2.4647e-01	0.938657	4
HES4	8	8.6644e-02	2.4697e-01	0.938657	2
PPM1K	8	8.6869e-02	2.4743e-01	0.938657	4
TEAD1	8	8.7451e-02	2.4865e-01	0.938657	4
LGALS3	8	8.7528e-02	2.4883e-01	0.938657	4
SECTM1	8	8.7603e-02	2.4898e-01	0.938657	2
VGF	8	8.7647e-02	2.4910e-01	0.938657	5
NonTargetingControlGuideForHuman_0116	1	8.7683e-02	8.8222e-02	0.938657	1
HEXDC	8	8.7803e-02	2.4946e-01	0.938657	4
ABL2	8	8.8082e-02	2.5006e-01	0.938657	3
NEURL3	8	8.8272e-02	2.5040e-01	0.938657	3
ESPL1	8	8.8377e-02	2.5059e-01	0.938657	5
FFAR2	8	8.8617e-02	2.5105e-01	0.938657	4
FPR2	8	8.8912e-02	2.5173e-01	0.938657	5
NonTargetingControlGuideForHuman_0037	1	8.8917e-02	8.9299e-02	0.938657	1
ARMC9	8	8.9040e-02	2.5192e-01	0.938657	2
SPTLC2	8	8.9180e-02	2.5223e-01	0.938657	5
TGM1	8	8.9368e-02	2.5264e-01	0.938657	4
ZNRF2	8	8.9381e-02	2.5267e-01	0.938657	5
ATP10A	8	8.9479e-02	2.5285e-01	0.938657	5
ABCD1	8	8.9516e-02	2.5293e-01	0.938657	5
ANK3	8	8.9519e-02	2.5293e-01	0.938657	2
NFIL3	8	8.9997e-02	2.5399e-01	0.938657	2
KIAA0895L	8	9.0266e-02	2.5450e-01	0.938657	4
SLC25A30	8	9.0475e-02	2.5492e-01	0.938657	4
AARS	8	9.0626e-02	2.5518e-01	0.938657	2
MMP14	8	9.0732e-02	2.5536e-01	0.938657	5
FST	8	9.0942e-02	2.5567e-01	0.938657	4
DAGLA	8	9.0953e-02	2.5569e-01	0.938657	1
RIF1	8	9.1099e-02	2.5596e-01	0.938657	3
NonTargetingControlGuideForHuman_0023	1	9.1189e-02	9.1708e-02	0.938657	1
GPR33	8	9.1295e-02	2.5640e-01	0.938657	4
RIPK1	8	9.1732e-02	2.5736e-01	0.940534	5
GSDMD	8	9.2049e-02	2.5801e-01	0.941255	2
NonTargetingControlGuideForHuman_0131	1	9.2488e-02	9.3072e-02	0.938657	1
SRGAP2	8	9.3160e-02	2.6020e-01	0.945562	2
VRK2	8	9.3166e-02	2.6021e-01	0.945562	3
NonTargetingControlGuideForHuman_0090	1	9.3267e-02	9.3867e-02	0.938657	1
JRKL	8	9.3320e-02	2.6061e-01	0.945562	4
HELZ2	8	9.3748e-02	2.6151e-01	0.945842	5
IL1B	8	9.4293e-02	2.6265e-01	0.948347	3
MCOLN2	8	9.5237e-02	2.6458e-01	0.950923	3
FUT4	8	9.5557e-02	2.6522e-01	0.950923	3
SRC	8	9.5878e-02	2.6587e-01	0.950923	3
ACOT13	8	9.6065e-02	2.6626e-01	0.950923	4
HLA-E	8	9.6196e-02	2.6652e-01	0.950923	4
GPATCH11	8	9.6200e-02	2.6653e-01	0.950923	4
NonTargetingControlGuideForHuman_0093	1	9.6838e-02	9.7422e-02	0.938657	1
BLMH	8	9.7041e-02	2.6817e-01	0.952214	5
IL23A	8	9.7166e-02	2.6843e-01	0.952214	5
CD40	8	9.7489e-02	2.6918e-01	0.952214	4
TNIP3	8	9.7622e-02	2.6941e-01	0.952214	3
GBP4	8	9.7741e-02	2.6961e-01	0.952214	3
NonTargetingControlGuideForHuman_0065	1	9.7747e-02	9.8344e-02	0.938657	1
WDR64	6	9.8092e-02	2.4512e-01	0.938657	2
RBM43	8	9.8096e-02	2.7037e-01	0.952946	1
SCAND3	8	9.8460e-02	2.7110e-01	0.952946	5
RND3	8	9.8622e-02	2.7141e-01	0.952946	2
CBWD6	8	9.9101e-02	2.7240e-01	0.952946	4
SCIN	8	9.9325e-02	2.7298e-01	0.952946	3
ATP10B	8	9.9431e-02	2.7320e-01	0.952946	4
KCNJ11	8	9.9519e-02	2.7341e-01	0.952946	4
ACHE	8	9.9537e-02	2.7343e-01	0.952946	3
NBN	8	1.0047e-01	2.7541e-01	0.955095	4
PSMB9	8	1.0141e-01	2.7737e-01	0.955095	3
IL10	8	1.0156e-01	2.7770e-01	0.955095	4
LOC388813	8	1.0178e-01	2.7811e-01	0.955095	3
ABCA7	8	1.0208e-01	2.7874e-01	0.955095	5
IL9R	8	1.0283e-01	2.8019e-01	0.955095	1
SLC35E4	8	1.0320e-01	2.8099e-01	0.955095	2
PRDM1	8	1.0330e-01	2.8123e-01	0.955095	4
TARS	8	1.0339e-01	2.8146e-01	0.955095	3
HSD11B1	8	1.0382e-01	2.8234e-01	0.955095	5
TAPBP	8	1.0393e-01	2.8258e-01	0.955095	4
DPCD	8	1.0404e-01	2.8274e-01	0.955095	3
42795	8	1.0408e-01	2.8286e-01	0.955095	4
DDX3Y	8	1.0426e-01	2.8318e-01	0.955095	4
ATP10D	8	1.0436e-01	2.8337e-01	0.955095	4
ADAM28	8	1.0472e-01	2.8411e-01	0.955095	1
ZC3H12C	8	1.0488e-01	2.8444e-01	0.955095	5
GPR171	8	1.0503e-01	2.8468e-01	0.955095	5
CLIC4	8	1.0545e-01	2.8550e-01	0.955095	4
ALCAM	8	1.0551e-01	2.8561e-01	0.955095	3
EREG	8	1.0566e-01	2.8584e-01	0.955095	2
CALCRL	8	1.0615e-01	2.8681e-01	0.955095	5
TRIM36	8	1.0622e-01	2.8693e-01	0.955095	4
NonTargetingControlGuideForHuman_0134	1	1.0638e-01	1.0718e-01	0.938657	1
ASB2	8	1.0653e-01	2.8752e-01	0.955095	5
CHORDC1	8	1.0660e-01	2.8764e-01	0.955095	2
CASP5	8	1.0667e-01	2.8774e-01	0.955095	2
NPIP8	8	1.0687e-01	2.8818e-01	0.955095	3
IL6	8	1.0692e-01	2.8832e-01	0.955095	4
SNX18	8	1.0698e-01	2.8842e-01	0.955095	4
BCAR3	8	1.0707e-01	2.8857e-01	0.955095	2
ENDOD1	8	1.0745e-01	2.8934e-01	0.955407	4
GBP2	8	1.0781e-01	2.9003e-01	0.955407	5
CCL20	8	1.0800e-01	2.9048e-01	0.955407	3
TAP1	8	1.0864e-01	2.9169e-01	0.957886	5
ZNF148	8	1.0942e-01	2.9333e-01	0.960190	4
PI3	8	1.0963e-01	2.9379e-01	0.960190	4
SCIMP	8	1.0984e-01	2.9426e-01	0.960190	3
HLA-B	8	1.1034e-01	2.9516e-01	0.960190	4
TNFRSF4	8	1.1040e-01	2.9530e-01	0.960190	5
SLC2A14	8	1.1052e-01	2.9558e-01	0.960190	4
RGL4	8	1.1130e-01	2.9711e-01	0.961301	4
SLC24A3	8	1.1140e-01	2.9730e-01	0.961301	5
RNF222	8	1.1198e-01	2.9853e-01	0.963699	3
FSCN1	8	1.1237e-01	2.9920e-01	0.963699	3
EDEM1	8	1.1264e-01	2.9975e-01	0.963699	5
SLAMF8	8	1.1274e-01	2.9994e-01	0.963699	4
NonTargetingControlGuideForHuman_0091	1	1.1281e-01	1.1352e-01	0.938657	1
NonTargetingControlGuideForHuman_0020	1	1.1313e-01	1.1382e-01	0.938657	1
TGM5	8	1.1321e-01	3.0090e-01	0.963699	4
ME1	8	1.1411e-01	3.0267e-01	0.963699	3
IL18BP	8	1.1444e-01	3.0339e-01	0.963699	5
GIMAP8	8	1.1467e-01	3.0380e-01	0.963699	5
HIST1H3E	8	1.1499e-01	3.0438e-01	0.963699	4
SLC6A9	8	1.1523e-01	3.0477e-01	0.963699	5
TJP1	8	1.1551e-01	3.0532e-01	0.963699	3
NAPA	8	1.1597e-01	3.0619e-01	0.963699	4
NonTargetingControlGuideForHuman_0002	1	1.1658e-01	1.1722e-01	0.938657	1
GALM	8	1.1690e-01	3.0791e-01	0.963699	2
PRICKLE1	8	1.1735e-01	3.0876e-01	0.963699	5
GPR157	8	1.1737e-01	3.0881e-01	0.963699	4
GSG2	8	1.1772e-01	3.0949e-01	0.963699	4
KCTD11	8	1.1781e-01	3.0966e-01	0.963699	4
CAMSAP2	8	1.1784e-01	3.0969e-01	0.963699	1
DACT3	8	1.1809e-01	3.1023e-01	0.963699	5
SMAD3	8	1.1833e-01	3.1072e-01	0.963699	3
SLC1A3	8	1.1877e-01	3.1158e-01	0.963699	4
ZNF684	8	1.1885e-01	3.1173e-01	0.963699	3
TMEM173	8	1.1970e-01	3.1335e-01	0.963699	3
KLHL31	8	1.2016e-01	3.1436e-01	0.963699	4
PAQR8	8	1.2020e-01	3.1445e-01	0.963699	4
TCF4	8	1.2042e-01	3.1489e-01	0.963699	5
CEBPD	8	1.2057e-01	3.1514e-01	0.963699	4
PCDH17	8	1.2057e-01	3.1514e-01	0.963699	4
B3GALT4	8	1.2157e-01	3.1699e-01	0.963699	4
ALX1	8	1.2248e-01	3.1872e-01	0.963699	4
DPYSL3	8	1.2299e-01	3.1977e-01	0.963699	4
DPYS	8	1.2422e-01	3.2221e-01	0.963699	4
CCL13	8	1.2433e-01	3.2239e-01	0.963699	4
ERLEC1	8	1.2438e-01	3.2252e-01	0.963699	3
CCDC109B	8	1.2476e-01	3.2322e-01	0.963699	5
AMPH	8	1.2497e-01	3.2359e-01	0.963699	5
CLEC4E	8	1.2520e-01	3.2399e-01	0.963699	4
TRIM21	8	1.2545e-01	3.2443e-01	0.963699	4
B3GAT2	8	1.2572e-01	3.2499e-01	0.963699	4
GCNT2	8	1.2578e-01	3.2507e-01	0.963699	4
FCGR1A	7	1.2584e-01	3.0634e-01	0.963699	2
CXorf21	8	1.2584e-01	3.2524e-01	0.963699	5
TNFAIP6	8	1.2618e-01	3.2588e-01	0.963699	3
LILRB4	8	1.2634e-01	3.2618e-01	0.963699	5
PIWIL4	8	1.2668e-01	3.2689e-01	0.963699	5
TMEM51	8	1.2693e-01	3.2736e-01	0.963699	5
ZNF419	8	1.2706e-01	3.2769e-01	0.963699	4
EMP1	8	1.2710e-01	3.2774e-01	0.963699	4
ANKFY1	8	1.2745e-01	3.2836e-01	0.963699	4
MAX	8	1.2745e-01	3.2837e-01	0.963699	3
DTX3L	8	1.2768e-01	3.2877e-01	0.963699	5
C9orf64	8	1.2811e-01	3.2957e-01	0.963699	4
UBE2L6	8	1.2859e-01	3.3042e-01	0.963699	4
SP140	8	1.2876e-01	3.3078e-01	0.963699	3
NonTargetingControlGuideForHuman_0035	1	1.2904e-01	1.2968e-01	0.938657	1
PNP	8	1.2920e-01	3.3164e-01	0.963699	5
CD69	8	1.2924e-01	3.3169e-01	0.963699	4
S100A2	8	1.2929e-01	3.3178e-01	0.963699	5
GTPBP1	8	1.2937e-01	3.3190e-01	0.963699	5
LRRCC1	8	1.2962e-01	3.3233e-01	0.963699	5
PGBD1	8	1.2996e-01	3.3314e-01	0.963699	5
ADAP2	8	1.3090e-01	3.3487e-01	0.963699	5
CCR7	8	1.3124e-01	3.3547e-01	0.963699	3
HLA-DQA1	8	1.3128e-01	3.3552e-01	0.963699	3
COBL	8	1.3170e-01	3.3625e-01	0.963699	3
CXCL13	8	1.3176e-01	3.3635e-01	0.963699	4
NonTargetingControlGuideForHuman_0158	1	1.3177e-01	1.3239e-01	0.938657	1
ADORA3	8	1.3200e-01	3.3680e-01	0.963699	4
TAS2R4	8	1.3216e-01	3.3712e-01	0.963699	4
ZBTB43	8	1.3218e-01	3.3716e-01	0.963699	5
ODF3B	8	1.3237e-01	3.3744e-01	0.963699	4
DSP	8	1.3262e-01	3.3797e-01	0.963699	2
WIPF1	8	1.3283e-01	3.3838e-01	0.963699	3
NonTargetingControlGuideForHuman_0054	1	1.3326e-01	1.3391e-01	0.938657	1
CD274	8	1.3345e-01	3.3953e-01	0.963699	3
TLR2	8	1.3354e-01	3.3972e-01	0.963699	3
AURKB	8	1.3400e-01	3.4067e-01	0.963699	4
HLA-F	8	1.3425e-01	3.4121e-01	0.963699	5
PLEKHN1	8	1.3454e-01	3.4173e-01	0.963699	4
ICAM2	8	1.3491e-01	3.4239e-01	0.963699	3
ZNF181	8	1.3491e-01	3.4239e-01	0.963699	4
APOBEC3F	8	1.3494e-01	3.4244e-01	0.963699	5
C22orf28	8	1.3537e-01	3.4317e-01	0.964461	4
CCDC92	8	1.3657e-01	3.4536e-01	0.966045	3
C2orf42	8	1.3669e-01	3.4558e-01	0.966045	5
KRTAP16-1	8	1.3765e-01	3.4727e-01	0.966045	3
GEMIN5	8	1.3779e-01	3.4754e-01	0.966045	4
ZFP36	8	1.3784e-01	3.4768e-01	0.966045	4
KCTD14	8	1.3809e-01	3.4809e-01	0.966045	4
LHX2	8	1.3811e-01	3.4812e-01	0.966045	1
COL4A2	8	1.3871e-01	3.4929e-01	0.966045	5
BET1	8	1.3902e-01	3.4993e-01	0.966045	3
HIC1	8	1.3908e-01	3.5006e-01	0.966045	2
CDCA4	8	1.3938e-01	3.5062e-01	0.966045	4
NonTargetingControlGuideForHuman_0114	1	1.3943e-01	1.4010e-01	0.938657	1
CX3CR1	8	1.3945e-01	3.5074e-01	0.966045	4
GMPR	8	1.3948e-01	3.5082e-01	0.966045	4
NonTargetingControlGuideForHuman_0072	1	1.3995e-01	1.4053e-01	0.938657	1
FRMD3	8	1.4019e-01	3.5206e-01	0.966045	4
KBTBD7	8	1.4030e-01	3.5230e-01	0.966045	5
TREX1	8	1.4039e-01	3.5246e-01	0.966045	3
EDNRB	8	1.4057e-01	3.5282e-01	0.966045	5
PCBP3	8	1.4059e-01	3.5286e-01	0.966045	4
HESX1	8	1.4081e-01	3.5328e-01	0.966045	3
RMI2	8	1.4155e-01	3.5464e-01	0.966045	3
IL15RA	8	1.4197e-01	3.5540e-01	0.966045	4
LRG1	8	1.4226e-01	3.5585e-01	0.966045	5
PDGFB	8	1.4262e-01	3.5656e-01	0.966045	5
CRYBB3	8	1.4266e-01	3.5661e-01	0.966045	4
CA2	8	1.4311e-01	3.5735e-01	0.966045	3
DOCK4	8	1.4334e-01	3.5772e-01	0.966045	5
HEG1	8	1.4342e-01	3.5787e-01	0.966045	4
CXCL10	8	1.4357e-01	3.5818e-01	0.966045	2
VEGFA	8	1.4444e-01	3.5993e-01	0.966045	4
MMP19	8	1.4493e-01	3.6080e-01	0.966045	3
FXYD6	8	1.4497e-01	3.6088e-01	0.966045	5
SPON1	8	1.4628e-01	3.6325e-01	0.966045	4
DMXL2	8	1.4694e-01	3.6440e-01	0.966045	4
DHDH	8	1.4705e-01	3.6456e-01	0.966045	4
ZBTB6	8	1.4719e-01	3.6482e-01	0.966045	2
FOSB	8	1.4719e-01	3.6483e-01	0.966045	3
AKT1S1	8	1.4732e-01	3.6511e-01	0.966045	4
MYD88	8	1.4752e-01	3.6549e-01	0.966045	4
PLAT	8	1.4764e-01	3.6569e-01	0.966045	1
SMTNL1	6	1.4773e-01	3.3530e-01	0.963699	4
GCH1	8	1.4788e-01	3.6616e-01	0.966045	5
TMEM52B	8	1.4803e-01	3.6641e-01	0.966045	4
ARG1	8	1.4809e-01	3.6652e-01	0.966045	1
CHRM5	8	1.4834e-01	3.6696e-01	0.966045	4
TMEM187	8	1.4880e-01	3.6777e-01	0.966045	5
SMIM15	8	1.4944e-01	3.6891e-01	0.966045	3
NonTargetingControlGuideForHuman_0030	1	1.5027e-01	1.5094e-01	0.938657	1
SLC25A28	8	1.5080e-01	3.7069e-01	0.966045	4
NUP43	8	1.5113e-01	3.7116e-01	0.966045	3
OR5K2	8	1.5170e-01	3.7186e-01	0.966045	2
NCF1	8	1.5200e-01	3.7230e-01	0.966045	4
IFITM10	8	1.5203e-01	3.7235e-01	0.966045	4
PRDM11	8	1.5215e-01	3.7251e-01	0.966045	3
TLR7	8	1.5237e-01	3.7276e-01	0.966045	2
ICAM1	8	1.5240e-01	3.7281e-01	0.966045	4
TRMT5	8	1.5356e-01	3.7426e-01	0.966045	4
PRKD2	8	1.5370e-01	3.7447e-01	0.966045	4
KLF10	8	1.5388e-01	3.7470e-01	0.966045	4
BRCA2	8	1.5394e-01	3.7477e-01	0.966045	2
TINAGL1	8	1.5409e-01	3.7499e-01	0.966045	4
ZEB2	8	1.5434e-01	3.7537e-01	0.966045	4
RNASE4	8	1.5472e-01	3.7584e-01	0.966045	4
ARL5B	8	1.5484e-01	3.7604e-01	0.966045	3
TAP2	8	1.5514e-01	3.7637e-01	0.966045	4
ZFHX2	8	1.5570e-01	3.7710e-01	0.966045	3
CFH	8	1.5615e-01	3.7771e-01	0.966045	3
MMACHC	8	1.5641e-01	3.7810e-01	0.966045	3
FCGR3B	8	1.5684e-01	3.7861e-01	0.966045	4
NonTargetingControlGuideForHuman_0195	1	1.5722e-01	1.5751e-01	0.938657	1
ZNF384	8	1.5801e-01	3.8005e-01	0.966045	4
BHLHE40	8	1.5886e-01	3.8119e-01	0.966045	3
IL1RN	8	1.5904e-01	3.8141e-01	0.966045	2
CX3CL1	8	1.5908e-01	3.8147e-01	0.966045	4
CTXN1	8	1.5953e-01	3.8210e-01	0.966045	3
CACNA1G	8	1.5962e-01	3.8219e-01	0.966045	4
KCNE2	8	1.5976e-01	3.8231e-01	0.966045	3
ATL1	8	1.6005e-01	3.8277e-01	0.966045	4
PEAK1	8	1.6020e-01	3.8300e-01	0.966045	2
ELAVL4	8	1.6065e-01	3.8351e-01	0.966045	2
NonTargetingControlGuideForHuman_0102	1	1.6092e-01	1.6124e-01	0.938657	1
GOSR1	8	1.6199e-01	3.8524e-01	0.966045	2
IRGM	8	1.6253e-01	3.8593e-01	0.966045	4
AZI2	8	1.6285e-01	3.8637e-01	0.966045	4
LMTK3	8	1.6288e-01	3.8639e-01	0.966045	1
ARNT2	8	1.6296e-01	3.8648e-01	0.966045	2
CXCR4	8	1.6320e-01	3.8687e-01	0.966045	3
PDPN	8	1.6376e-01	3.8764e-01	0.966045	3
MB21D2	8	1.6428e-01	3.8834e-01	0.966045	2
NonTargetingControlGuideForHuman_0082	1	1.6443e-01	1.6466e-01	0.938657	1
WARS	8	1.6503e-01	3.8927e-01	0.966045	2
PRG4	8	1.6554e-01	3.8996e-01	0.966045	3
HIST1H2BC	8	1.6578e-01	3.9028e-01	0.966045	2
ZNF285	8	1.6579e-01	3.9030e-01	0.966045	4
MARVELD2	8	1.6598e-01	3.9059e-01	0.966045	2
LMO2	8	1.6643e-01	3.9114e-01	0.966045	2
ANKRD1	8	1.6653e-01	3.9125e-01	0.966045	3
NonTargetingControlGuideForHuman_0128	1	1.6709e-01	1.6727e-01	0.938657	1
ULK4	8	1.6731e-01	3.9235e-01	0.966045	4
TLR3	8	1.6775e-01	3.9298e-01	0.966045	1
DDO	8	1.6785e-01	3.9313e-01	0.966045	4
BAZ1A	8	1.6842e-01	3.9386e-01	0.966045	2
FCGR3A	8	1.6864e-01	3.9416e-01	0.966045	3
MS4A7	8	1.6975e-01	3.9559e-01	0.966045	4
HRASLS2	8	1.6993e-01	3.9579e-01	0.966045	2
NonTargetingControlGuideForHuman_0123	1	1.6995e-01	1.7023e-01	0.938657	1
SLC2A5	8	1.7040e-01	3.9639e-01	0.966045	2
CSF3R	8	1.7092e-01	3.9700e-01	0.966045	4
RHBDL3	8	1.7119e-01	3.9744e-01	0.966045	4
KIAA0226	8	1.7199e-01	3.9853e-01	0.966045	3
CCL4L2	8	1.7217e-01	3.9875e-01	0.966045	3
CASP7	8	1.7239e-01	3.9907e-01	0.966045	2
LOC728485	8	1.7294e-01	3.9985e-01	0.966045	3
NUP160	8	1.7305e-01	4.0000e-01	0.966045	3
IFIT1B	8	1.7321e-01	4.0019e-01	0.966045	4
IRF7	8	1.7391e-01	4.0114e-01	0.966134	2
FABP3	8	1.7443e-01	4.0182e-01	0.966670	4
EML4	8	1.7568e-01	4.0341e-01	0.969302	2
HR	8	1.7639e-01	4.0427e-01	0.969302	3
IFI16	8	1.7658e-01	4.0451e-01	0.969302	2
NRN1	8	1.7700e-01	4.0508e-01	0.969302	3
NonTargetingControlGuideForHuman_0185	1	1.7709e-01	1.7741e-01	0.938657	1
FN1	8	1.7713e-01	4.0529e-01	0.969302	4
LGALS9	8	1.7743e-01	4.0568e-01	0.969302	3
MYC	8	1.7831e-01	4.0679e-01	0.969776	2
DUOXA2	8	1.7849e-01	4.0699e-01	0.969776	4
PSMB10	8	1.7868e-01	4.0726e-01	0.969776	2
NonTargetingControlGuideForHuman_0109	1	1.7949e-01	1.7957e-01	0.938657	1
HMOX1	8	1.8000e-01	4.0885e-01	0.970792	3
UBFD1	8	1.8006e-01	4.0893e-01	0.970792	2
CREB3L3	8	1.8060e-01	4.0955e-01	0.970792	3
FUCA1	8	1.8098e-01	4.1000e-01	0.970792	2
GAL3ST4	8	1.8118e-01	4.1023e-01	0.970792	3
IRG1	8	1.8137e-01	4.1050e-01	0.970792	4
HLA-G	8	1.8164e-01	4.1091e-01	0.970792	3
ADM	8	1.8224e-01	4.1171e-01	0.971590	3
MAP3K8	8	1.8267e-01	4.1225e-01	0.971755	3
NonTargetingControlGuideForHuman_0081	1	1.8274e-01	1.8264e-01	0.938657	1
ANKRD22	8	1.8311e-01	4.1281e-01	0.972008	3
C1orf61	8	1.8362e-01	4.1349e-01	0.972504	4
ANO5	8	1.8468e-01	4.1497e-01	0.973675	3
NonTargetingControlGuideForHuman_0067	1	1.8481e-01	1.8451e-01	0.938657	1
ST3GAL6	8	1.8528e-01	4.1572e-01	0.973675	2
IFNLR1	8	1.8537e-01	4.1584e-01	0.973675	3
NonTargetingControlGuideForHuman_0122	1	1.8657e-01	1.8633e-01	0.938657	1
CD163L1	8	1.8689e-01	4.1773e-01	0.973675	4
ACOT9	8	1.8702e-01	4.1790e-01	0.973675	2
PPFIA4	8	1.8715e-01	4.1808e-01	0.973675	3
PDE7B	8	1.8753e-01	4.1857e-01	0.973675	4
AMPD3	8	1.8786e-01	4.1902e-01	0.973675	4
ISOC1	8	1.8811e-01	4.1930e-01	0.973675	4
ZBTB46	8	1.8814e-01	4.1932e-01	0.973675	3
LRRC2	8	1.8875e-01	4.2007e-01	0.973675	2
NonTargetingControlGuideForHuman_0144	1	1.8877e-01	1.8862e-01	0.938657	1
ZNF257	8	1.8908e-01	4.2056e-01	0.973675	3
PI4K2B	8	1.8918e-01	4.2065e-01	0.973675	3
HSPA1L	8	1.8929e-01	4.2079e-01	0.973675	4
TRIM34	8	1.8940e-01	4.2092e-01	0.973675	4
HIST1H2AC	8	1.9177e-01	4.2397e-01	0.977106	3
CYP27A1	8	1.9220e-01	4.2447e-01	0.977106	2
ZNF225	8	1.9277e-01	4.2516e-01	0.977106	2
GEN1	8	1.9306e-01	4.2550e-01	0.977106	3
RARRES3	8	1.9327e-01	4.2578e-01	0.977106	4
LOC100506388	8	1.9392e-01	4.2669e-01	0.977106	2
ST6GALNAC1	8	1.9416e-01	4.2698e-01	0.977106	3
DDX60L	8	1.9430e-01	4.2715e-01	0.977106	3
NFIX	8	1.9433e-01	4.2718e-01	0.977106	4
PRSS35	8	1.9486e-01	4.2784e-01	0.977106	3
NonTargetingControlGuideForHuman_0085	1	1.9501e-01	1.9465e-01	0.938657	1
ENTPD7	8	1.9504e-01	4.2809e-01	0.977106	4
OR52N4	8	1.9557e-01	4.2873e-01	0.977106	3
NonTargetingControlGuideForHuman_0108	1	1.9579e-01	1.9538e-01	0.938657	1
GPR126	8	1.9607e-01	4.2939e-01	0.977106	3
APOL3	8	1.9650e-01	4.3005e-01	0.977106	3
RASAL1	8	1.9656e-01	4.3014e-01	0.977106	4
CD86	8	1.9669e-01	4.3030e-01	0.977106	4
KIAA1211L	8	1.9764e-01	4.3155e-01	0.978902	4
MT1M	8	1.9800e-01	4.3202e-01	0.978903	4
NTNG2	8	1.9871e-01	4.3298e-01	0.980022	4
NonTargetingControlGuideForHuman_0100	1	1.9890e-01	1.9850e-01	0.938657	1
DEFA1	8	1.9931e-01	4.3374e-01	0.980203	4
PLA1A	8	1.9950e-01	4.3399e-01	0.980203	3
NonTargetingControlGuideForHuman_0004	1	2.0092e-01	2.0056e-01	0.938657	1
NonTargetingControlGuideForHuman_0189	1	2.0169e-01	2.0140e-01	0.938657	1
PEX12	8	2.0238e-01	4.3738e-01	0.984235	3
C21orf91	8	2.0249e-01	4.3754e-01	0.984235	3
NCS1	8	2.0291e-01	4.3803e-01	0.984235	4
NonTargetingControlGuideForHuman_0062	1	2.0299e-01	2.0274e-01	0.938657	1
LIF	8	2.0334e-01	4.3853e-01	0.984235	3
KIAA0907	8	2.0338e-01	4.3858e-01	0.984235	3
NonTargetingControlGuideForHuman_0032	1	2.0364e-01	2.0336e-01	0.938657	1
NonTargetingControlGuideForHuman_0053	1	2.0488e-01	2.0472e-01	0.938657	1
NonTargetingControlGuideForHuman_0086	1	2.0533e-01	2.0507e-01	0.938657	1
PDCD4	8	2.0547e-01	4.4094e-01	0.984433	2
C12orf74	8	2.0589e-01	4.4149e-01	0.984433	4
ADAMTS14	8	2.0592e-01	4.4150e-01	0.984433	4
PLA2G4C	8	2.0711e-01	4.4300e-01	0.984433	3
ARHGEF26	8	2.0716e-01	4.4306e-01	0.984433	2
ABCA6	8	2.0759e-01	4.4359e-01	0.984433	2
GTF2IRD1	8	2.0766e-01	4.4367e-01	0.984433	2
DCDC5	8	2.0786e-01	4.4389e-01	0.984433	4
FAM170B	8	2.0801e-01	4.4406e-01	0.984433	2
TRIM6-TRIM34	8	2.0805e-01	4.4414e-01	0.984433	3
C22orf42	8	2.0825e-01	4.4438e-01	0.984433	3
TAPBPL	8	2.0899e-01	4.4533e-01	0.984433	4
FAM20A	8	2.0924e-01	4.4553e-01	0.984433	2
SSB	8	2.0983e-01	4.4616e-01	0.984433	4
SLC16A3	8	2.1055e-01	4.4703e-01	0.984433	2
PSME1	8	2.1181e-01	4.4865e-01	0.984433	3
PTMA	8	2.1238e-01	4.4931e-01	0.984433	4
ZNF618	8	2.1246e-01	4.4943e-01	0.984433	4
FAM47E-STBD1	8	2.1260e-01	4.4959e-01	0.984433	4
CCL22	8	2.1275e-01	4.4976e-01	0.984433	3
SDC3	8	2.1287e-01	4.4989e-01	0.984433	4
NonTargetingControlGuideForHuman_0033	1	2.1332e-01	2.1293e-01	0.938657	1
FAM3B	8	2.1336e-01	4.5057e-01	0.984891	4
NRIP3	8	2.1458e-01	4.5214e-01	0.986306	4
C19orf35	8	2.1496e-01	4.5266e-01	0.986306	4
FNDC4	8	2.1518e-01	4.5287e-01	0.986306	1
TAGLN	8	2.1537e-01	4.5309e-01	0.986306	3
GPR31	8	2.1728e-01	4.5532e-01	0.990125	2
HIP1	8	2.1800e-01	4.5611e-01	0.990247	3
NRP2	8	2.1818e-01	4.5631e-01	0.990247	4
C2orf44	8	2.1855e-01	4.5684e-01	0.990359	3
ZNF583	8	2.1903e-01	4.5739e-01	0.990389	3
NonTargetingControlGuideForHuman_0019	1	2.1909e-01	2.1876e-01	0.938657	1
SERPINE1	8	2.1935e-01	4.5779e-01	0.990389	3
SFT2D2	8	2.1976e-01	4.5839e-01	0.990663	3
NonTargetingControlGuideForHuman_0176	1	2.2052e-01	2.2007e-01	0.938657	1
NUB1	8	2.2064e-01	4.5947e-01	0.991849	3
SENP8	8	2.2092e-01	4.5988e-01	0.991849	4
NonTargetingControlGuideForHuman_0151	1	2.2202e-01	2.2164e-01	0.938657	1
NonTargetingControlGuideForHuman_0047	1	2.2260e-01	2.2222e-01	0.938657	1
CHST7	8	2.2271e-01	4.6202e-01	0.993934	3
PYCR1	8	2.2313e-01	4.6249e-01	0.993934	2
ZNF2	8	2.2514e-01	4.6500e-01	0.993934	4
CATSPERD	8	2.2521e-01	4.6511e-01	0.993934	3
C17orf97	8	2.2604e-01	4.6607e-01	0.993934	3
TMEM171	8	2.2644e-01	4.6656e-01	0.993934	4
DDX24	8	2.2687e-01	4.6712e-01	0.993934	4
CSF2RA	8	2.2728e-01	4.6768e-01	0.993934	2
APOBEC3C	8	2.2788e-01	4.6838e-01	0.993934	4
ECEL1	8	2.2853e-01	4.6932e-01	0.993934	4
PRLR	8	2.2874e-01	4.6962e-01	0.993934	3
NT5DC2	8	2.2985e-01	4.7100e-01	0.993934	4
C3AR1	8	2.2998e-01	4.7115e-01	0.993934	4
SCLT1	8	2.3041e-01	4.7171e-01	0.993934	4
NonTargetingControlGuideForHuman_0069	1	2.3046e-01	2.3031e-01	0.938657	1
FAS	8	2.3086e-01	4.7217e-01	0.993934	3
FAM8A1	8	2.3101e-01	4.7234e-01	0.993934	2
ASIP	8	2.3146e-01	4.7296e-01	0.993934	4
MREG	8	2.3163e-01	4.7314e-01	0.993934	4
CALCA	8	2.3215e-01	4.7375e-01	0.993934	3
TMEM229B	8	2.3340e-01	4.7526e-01	0.993934	3
CMKLR1	8	2.3342e-01	4.7527e-01	0.993934	4
SPTBN4	8	2.3416e-01	4.7616e-01	0.993934	3
APOBEC1	8	2.3418e-01	4.7618e-01	0.993934	4
LDHAL6A	8	2.3436e-01	4.7642e-01	0.993934	2
FNDC3B	8	2.3476e-01	4.7691e-01	0.993934	4
RAB33A	8	2.3512e-01	4.7743e-01	0.993934	3
ALDOB	8	2.3534e-01	4.7773e-01	0.993934	4
IL8	8	2.3554e-01	4.7795e-01	0.993934	2
RNF114	8	2.3636e-01	4.7894e-01	0.993934	4
NonTargetingControlGuideForHuman_0083	1	2.3682e-01	2.3682e-01	0.938657	1
NonTargetingControlGuideForHuman_0127	1	2.3701e-01	2.3699e-01	0.938657	1
AHRR	8	2.3745e-01	4.8029e-01	0.993934	3
KAL1	8	2.3798e-01	4.8096e-01	0.993934	4
GNG4	8	2.3820e-01	4.8121e-01	0.993934	3
SAT1	8	2.3841e-01	4.8144e-01	0.993934	3
NonTargetingControlGuideForHuman_0165	1	2.3851e-01	2.3839e-01	0.938657	1
NonTargetingControlGuideForHuman_0155	1	2.3877e-01	2.3873e-01	0.938657	1
PHLDA2	8	2.3880e-01	4.8188e-01	0.993934	3
IFRD1	8	2.3895e-01	4.8202e-01	0.993934	4
DMD	8	2.3963e-01	4.8287e-01	0.993934	1
SOS1	8	2.3971e-01	4.8296e-01	0.993934	4
LGALS9B	8	2.4061e-01	4.8415e-01	0.993934	4
CCL2	8	2.4152e-01	4.8531e-01	0.993934	4
NOD1	8	2.4182e-01	4.8566e-01	0.993934	3
ZNF385B	8	2.4222e-01	4.8609e-01	0.993934	4
UGT1A3	8	2.4242e-01	4.8637e-01	0.993934	3
MOCS3	8	2.4283e-01	4.8691e-01	0.993934	3
AP1S3	8	2.4290e-01	4.8699e-01	0.993934	3
BTC	8	2.4371e-01	4.8790e-01	0.993934	3
SLC52A1	8	2.4385e-01	4.8807e-01	0.993934	4
C11orf68	8	2.4398e-01	4.8822e-01	0.993934	4
YBX3	8	2.4412e-01	4.8840e-01	0.993934	3
PHACTR4	8	2.4500e-01	4.8952e-01	0.993934	4
ZBED1	8	2.4534e-01	4.8994e-01	0.993934	2
NonTargetingControlGuideForHuman_0101	1	2.4610e-01	2.4609e-01	0.938657	1
NonTargetingControlGuideForHuman_0181	1	2.4682e-01	2.4687e-01	0.938657	1
NonTargetingControlGuideForHuman_0058	1	2.4714e-01	2.4728e-01	0.938657	1
ANO7P1	8	2.4736e-01	4.9244e-01	0.993934	1
NCAPG	8	2.4743e-01	4.9257e-01	0.993934	4
CHMP5	8	2.4777e-01	4.9299e-01	0.993934	4
FTL	8	2.4789e-01	4.9314e-01	0.993934	2
MAATS1	8	2.4803e-01	4.9329e-01	0.993934	4
PIM3	8	2.4817e-01	4.9346e-01	0.993934	3
CCL19	8	2.4881e-01	4.9426e-01	0.993934	4
IFI27L2	8	2.4939e-01	4.9494e-01	0.993934	3
TAF1A	8	2.5060e-01	4.9642e-01	0.993934	2
SSTR3	8	2.5065e-01	4.9648e-01	0.993934	4
CYP1B1	8	2.5094e-01	4.9686e-01	0.993934	4
KLK10	8	2.5100e-01	4.9696e-01	0.993934	1
CPT1B	8	2.5125e-01	4.9724e-01	0.993934	3
DSG2	8	2.5140e-01	4.9747e-01	0.993934	3
KPNB1	8	2.5140e-01	4.9747e-01	0.993934	2
LILRB3	8	2.5174e-01	4.9787e-01	0.993934	3
MT1G	8	2.5223e-01	4.9850e-01	0.993934	4
GBP5	8	2.5357e-01	5.0011e-01	0.993934	3
PRAME	8	2.5621e-01	5.0335e-01	0.993934	3
PLEKHH1	8	2.5672e-01	5.0403e-01	0.993934	4
SLC16A13	8	2.5739e-01	5.0482e-01	0.993934	4
ACVR2A	8	2.5783e-01	5.0531e-01	0.993934	3
REEP3	8	2.5824e-01	5.0570e-01	0.993934	4
TNIK	8	2.5863e-01	5.0608e-01	0.993934	2
RAB24	8	2.5886e-01	5.0633e-01	0.993934	3
ZNF470	8	2.5908e-01	5.0660e-01	0.993934	3
CARD17	8	2.5939e-01	5.0694e-01	0.993934	4
CXCL2	8	2.5983e-01	5.0739e-01	0.993934	2
NonTargetingControlGuideForHuman_0130	1	2.6110e-01	2.6098e-01	0.945562	1
CMPK2	8	2.6406e-01	5.1280e-01	0.993934	4
CYTH1	8	2.6421e-01	5.1296e-01	0.993934	3
DNAJC1	8	2.6495e-01	5.1378e-01	0.993934	4
GIMAP1-GIMAP5	8	2.6497e-01	5.1380e-01	0.993934	3
NonTargetingControlGuideForHuman_0118	1	2.6558e-01	2.6568e-01	0.950923	1
PVRL2	8	2.6558e-01	5.1453e-01	0.993934	3
PDE4B	8	2.6594e-01	5.1497e-01	0.993934	4
MAP6	8	2.6619e-01	5.1523e-01	0.993934	4
GATA2	8	2.6634e-01	5.1543e-01	0.993934	4
NUP50	8	2.6647e-01	5.1556e-01	0.993934	4
ZSWIM4	8	2.6659e-01	5.1566e-01	0.993934	3
GLI3	8	2.6698e-01	5.1616e-01	0.993934	3
SIK1	8	2.6701e-01	5.1620e-01	0.993934	4
CKB	8	2.6715e-01	5.1636e-01	0.993934	4
CBS	8	2.6795e-01	5.1728e-01	0.993934	4
NonTargetingControlGuideForHuman_0184	1	2.6837e-01	2.6843e-01	0.952214	1
PEX11A	8	2.6876e-01	5.1823e-01	0.993934	4
SCN5A	8	2.6984e-01	5.1962e-01	0.993934	4
CLDN11	8	2.7054e-01	5.2051e-01	0.993934	4
NMI	8	2.7093e-01	5.2100e-01	0.993934	4
YAP1	8	2.7093e-01	5.2101e-01	0.993934	2
ZMYND15	8	2.7160e-01	5.2188e-01	0.993934	4
CBR1	8	2.7253e-01	5.2299e-01	0.993934	2
KIF14	8	2.7269e-01	5.2320e-01	0.993934	4
TFEC	8	2.7290e-01	5.2343e-01	0.993934	3
DBF4B	8	2.7486e-01	5.2559e-01	0.993934	2
NonTargetingControlGuideForHuman_0038	1	2.7487e-01	2.7492e-01	0.955095	1
RASGEF1B	8	2.7513e-01	5.2593e-01	0.993934	4
CDKN1A	8	2.7554e-01	5.2637e-01	0.993934	4
TIMP4	8	2.7581e-01	5.2671e-01	0.993934	4
MS4A4A	8	2.7601e-01	5.2697e-01	0.993934	2
MFI2	8	2.7602e-01	5.2697e-01	0.993934	3
GML	8	2.7604e-01	5.2699e-01	0.993934	2
MAP3K14	8	2.7634e-01	5.2737e-01	0.993934	4
CDC42EP2	8	2.7683e-01	5.2793e-01	0.993934	4
ZNF613	8	2.7721e-01	5.2839e-01	0.993934	2
MSC	8	2.7760e-01	5.2892e-01	0.993934	2
FAM200A	8	2.7813e-01	5.2957e-01	0.993934	4
SNN	8	2.7827e-01	5.2973e-01	0.993934	4
IL4I1	8	2.7929e-01	5.3102e-01	0.993934	3
ZFP37	8	2.7955e-01	5.3134e-01	0.993934	2
HTR1D	8	2.7963e-01	5.3143e-01	0.993934	4
TRIM56	8	2.8033e-01	5.3220e-01	0.993934	2
VWCE	8	2.8072e-01	5.3270e-01	0.993934	3
ADAR	8	2.8154e-01	5.3357e-01	0.993934	3
ZNF350	8	2.8175e-01	5.3380e-01	0.993934	3
DLL1	8	2.8224e-01	5.3437e-01	0.993934	4
PSD3	8	2.8306e-01	5.3531e-01	0.993934	4
TRNT1	8	2.8373e-01	5.3615e-01	0.993934	3
SUN2	8	2.8389e-01	5.3631e-01	0.993934	4
MAPK8IP2	8	2.8421e-01	5.3672e-01	0.993934	3
HTRA4	8	2.8422e-01	5.3673e-01	0.993934	3
PMM2	8	2.8538e-01	5.3809e-01	0.993934	1
FAM184A	8	2.8568e-01	5.3846e-01	0.993934	4
NonTargetingControlGuideForHuman_0076	1	2.8642e-01	2.8618e-01	0.955095	1
CEP19	8	2.8654e-01	5.3944e-01	0.993934	1
TM4SF19	8	2.8692e-01	5.3988e-01	0.993934	4
ARHGAP25	8	2.8731e-01	5.4033e-01	0.993934	2
SRGAP2P2	8	2.8747e-01	5.4052e-01	0.993934	4
PRKAG3	8	2.8816e-01	5.4121e-01	0.993934	4
FOS	8	2.8844e-01	5.4156e-01	0.993934	4
ADPRH	8	2.8872e-01	5.4193e-01	0.993934	4
ICAM3	8	2.8924e-01	5.4260e-01	0.993934	2
TNFAIP8L3	8	2.8973e-01	5.4324e-01	0.993934	3
ELL3	8	2.9024e-01	5.4382e-01	0.993934	4
DAPP1	8	2.9052e-01	5.4412e-01	0.993934	4
NonTargetingControlGuideForHuman_0199	1	2.9071e-01	2.9037e-01	0.955407	1
SEMA6A	8	2.9084e-01	5.4451e-01	0.993934	3
ANGPTL1	8	2.9093e-01	5.4464e-01	0.993934	4
SLC1A1	8	2.9148e-01	5.4522e-01	0.993934	3
CXorf40A	8	2.9155e-01	5.4531e-01	0.993934	3
HLA-DRA	8	2.9222e-01	5.4617e-01	0.993934	4
DRAM1	8	2.9288e-01	5.4691e-01	0.993934	4
DNAPTP3	8	2.9323e-01	5.4739e-01	0.993934	4
FKBP1B	8	2.9345e-01	5.4770e-01	0.993934	2
LIPM	8	2.9385e-01	5.4813e-01	0.993934	4
NQO1	8	2.9386e-01	5.4814e-01	0.993934	3
NonTargetingControlGuideForHuman_0196	1	2.9428e-01	2.9420e-01	0.960190	1
SLCO5A1	8	2.9450e-01	5.4894e-01	0.993934	4
ZNF322	8	2.9530e-01	5.4980e-01	0.993934	2
CD74	8	2.9615e-01	5.5085e-01	0.993934	3
NonTargetingControlGuideForHuman_0064	1	2.9636e-01	2.9643e-01	0.961301	1
UCP3	8	2.9653e-01	5.5129e-01	0.993934	2
RBM25	8	2.9674e-01	5.5148e-01	0.993934	2
CLEC2D	8	2.9706e-01	5.5186e-01	0.993934	4
MID2	8	2.9736e-01	5.5220e-01	0.993934	3
IFI44L	8	2.9800e-01	5.5291e-01	0.993934	3
PNPT1	8	2.9806e-01	5.5297e-01	0.993934	2
AXL	8	2.9958e-01	5.5457e-01	0.993934	4
RASL10B	8	2.9986e-01	5.5490e-01	0.993934	4
NOG	8	2.9992e-01	5.5496e-01	0.993934	3
TM4SF1	8	3.0003e-01	5.5509e-01	0.993934	3
COA5	8	3.0014e-01	5.5518e-01	0.993934	4
TMEM63A	8	3.0028e-01	5.5537e-01	0.993934	4
CD72	8	3.0042e-01	5.5553e-01	0.993934	4
C6orf223	8	3.0071e-01	5.5592e-01	0.993934	4
PTK2B	8	3.0098e-01	5.5618e-01	0.993934	4
HAVCR1	8	3.0103e-01	5.5620e-01	0.993934	3
GK	8	3.0110e-01	5.5628e-01	0.993934	3
PTRF	8	3.0167e-01	5.5683e-01	0.993934	3
GNRH1	8	3.0168e-01	5.5684e-01	0.993934	3
SIGLEC1	8	3.0182e-01	5.5703e-01	0.993934	4
EFR3A	8	3.0188e-01	5.5709e-01	0.993934	3
SLFN12	8	3.0224e-01	5.5747e-01	0.993934	4
BLOC1S2	8	3.0247e-01	5.5771e-01	0.993934	3
CCL23	8	3.0252e-01	5.5777e-01	0.993934	4
ZNF594	8	3.0262e-01	5.5785e-01	0.993934	3
NonTargetingControlGuideForHuman_0145	1	3.0305e-01	3.0283e-01	0.963699	1
CARD6	8	3.0312e-01	5.5836e-01	0.993934	3
GNB4	7	3.0346e-01	5.4285e-01	0.993934	3
CD80	8	3.0535e-01	5.6093e-01	0.993934	3
C1GALT1	8	3.0538e-01	5.6097e-01	0.993934	2
HIST2H2AC	8	3.0548e-01	5.6104e-01	0.993934	4
YPEL4	8	3.0564e-01	5.6118e-01	0.993934	2
HES2	8	3.0567e-01	5.6124e-01	0.993934	3
UPP2	8	3.0632e-01	5.6192e-01	0.993934	3
GAK	8	3.0641e-01	5.6203e-01	0.993934	4
FAM46A	8	3.0648e-01	5.6207e-01	0.993934	3
KIR2DL1	8	3.0675e-01	5.6243e-01	0.993934	4
SLC38A5	8	3.0677e-01	5.6249e-01	0.993934	2
TSACC	8	3.0728e-01	5.6304e-01	0.993934	3
C10orf10	8	3.0744e-01	5.6322e-01	0.993934	3
RHPN1	8	3.0753e-01	5.6328e-01	0.993934	1
CLU	8	3.0787e-01	5.6371e-01	0.993934	4
LPGAT1	8	3.0792e-01	5.6378e-01	0.993934	3
HSD17B14	8	3.0844e-01	5.6437e-01	0.994138	4
NonTargetingControlGuideForHuman_0112	1	3.0941e-01	3.0889e-01	0.963699	1
MT1A	8	3.0941e-01	5.6545e-01	0.994176	2
NonTargetingControlGuideForHuman_0092	1	3.0947e-01	3.0897e-01	0.963699	1
P2RY14	8	3.0978e-01	5.6586e-01	0.994176	2
OAS1	8	3.1016e-01	5.6633e-01	0.994176	2
P2RY6	8	3.1033e-01	5.6657e-01	0.994176	3
SULF2	8	3.1081e-01	5.6709e-01	0.994176	3
TNS1	8	3.1226e-01	5.6886e-01	0.994176	4
SEC62	8	3.1241e-01	5.6902e-01	0.994176	3
CCR5	8	3.1316e-01	5.6993e-01	0.994176	3
CASZ1	8	3.1339e-01	5.7019e-01	0.994176	4
UBE2QL1	8	3.1341e-01	5.7021e-01	0.994176	3
MXD1	8	3.1397e-01	5.7090e-01	0.994176	4
GNMT	8	3.1484e-01	5.7200e-01	0.994176	4
MOXD1	8	3.1502e-01	5.7225e-01	0.994176	2
DSE	8	3.1511e-01	5.7233e-01	0.994176	4
C6orf62	8	3.1671e-01	5.7409e-01	0.994176	3
C15orf27	8	3.1724e-01	5.7469e-01	0.994176	4
ZNF701	8	3.1733e-01	5.7477e-01	0.994176	3
ARHGAP27	8	3.1767e-01	5.7520e-01	0.994176	4
SLC38A3	8	3.1837e-01	5.7599e-01	0.994176	2
KLHDC7B	8	3.1867e-01	5.7630e-01	0.994176	4
UBD	8	3.1912e-01	5.7682e-01	0.994176	2
CEACAM1	8	3.1967e-01	5.7741e-01	0.994176	4
CSRNP1	8	3.1981e-01	5.7751e-01	0.994176	4
HSPA6	8	3.2181e-01	5.7993e-01	0.994176	4
UGT1A9	8	3.2208e-01	5.8031e-01	0.994176	1
MMP2	8	3.2224e-01	5.8051e-01	0.994176	4
LTF	8	3.2253e-01	5.8084e-01	0.994176	4
GPD2	8	3.2282e-01	5.8116e-01	0.994176	4
NonTargetingControlGuideForHuman_0017	1	3.2291e-01	3.2274e-01	0.963699	1
MTCP1	8	3.2309e-01	5.8147e-01	0.994176	3
FAM46B	8	3.2356e-01	5.8203e-01	0.994176	3
USP25	8	3.2421e-01	5.8287e-01	0.994176	3
TYMP	8	3.2425e-01	5.8292e-01	0.994176	4
TCHH	8	3.2453e-01	5.8322e-01	0.994176	3
IL1A	8	3.2503e-01	5.8386e-01	0.994176	3
NonTargetingControlGuideForHuman_0186	1	3.2538e-01	3.2523e-01	0.963699	1
TMEM54	8	3.2639e-01	5.8534e-01	0.994176	2
NonTargetingControlGuideForHuman_0060	1	3.2655e-01	3.2637e-01	0.963699	1
RASL10A	8	3.2680e-01	5.8582e-01	0.994176	2
RSAD2	8	3.2713e-01	5.8612e-01	0.994176	4
FAM20C	8	3.2755e-01	5.8663e-01	0.994176	4
FAM53A	8	3.2760e-01	5.8666e-01	0.994176	3
AGPAT9	8	3.2797e-01	5.8704e-01	0.994176	3
SERINC2	8	3.2870e-01	5.8793e-01	0.994176	2
ADARB2	8	3.2944e-01	5.8878e-01	0.994176	2
CALD1	8	3.2957e-01	5.8895e-01	0.994176	4
NonTargetingControlGuideForHuman_0175	1	3.2992e-01	3.2972e-01	0.963699	1
NonTargetingControlGuideForHuman_0008	1	3.3077e-01	3.3048e-01	0.963699	1
CLEC2B	8	3.3116e-01	5.9084e-01	0.996438	4
NUP205	8	3.3200e-01	5.9178e-01	0.996438	2
TNFSF8	8	3.3272e-01	5.9259e-01	0.996438	2
NonTargetingControlGuideForHuman_0188	1	3.3291e-01	3.3266e-01	0.963699	1
NonTargetingControlGuideForHuman_0106	1	3.3382e-01	3.3364e-01	0.963699	1
ESM1	8	3.3405e-01	5.9403e-01	0.996438	4
NonTargetingControlGuideForHuman_0013	1	3.3414e-01	3.3398e-01	0.963699	1
NonTargetingControlGuideForHuman_0098	1	3.3421e-01	3.3404e-01	0.963699	1
DZIP1L	8	3.3448e-01	5.9455e-01	0.996438	4
MYO6	8	3.3504e-01	5.9517e-01	0.996438	2
PLA2G7	8	3.3509e-01	5.9527e-01	0.996438	3
NonTargetingControlGuideForHuman_0031	1	3.3551e-01	3.3537e-01	0.963699	1
NonTargetingControlGuideForHuman_0192	1	3.3622e-01	3.3609e-01	0.963699	1
SELL	8	3.3665e-01	5.9715e-01	0.996438	4
TRAF5	8	3.3694e-01	5.9742e-01	0.996438	4
EPHB2	8	3.3771e-01	5.9835e-01	0.996438	2
LAG3	8	3.3781e-01	5.9851e-01	0.996438	1
NonTargetingControlGuideForHuman_0094	1	3.3817e-01	3.3825e-01	0.963699	1
EPSTI1	8	3.3817e-01	5.9889e-01	0.996438	2
FAM71A	8	3.3819e-01	5.9889e-01	0.996438	4
IFIH1	8	3.3852e-01	5.9928e-01	0.996438	3
NonTargetingControlGuideForHuman_0063	1	3.3908e-01	3.3913e-01	0.963699	1
MX1	8	3.3926e-01	6.0009e-01	0.996438	3
RNF144B	8	3.4018e-01	6.0120e-01	0.996438	3
NonTargetingControlGuideForHuman_0012	1	3.4181e-01	3.4202e-01	0.963699	1
TMEM184A	8	3.4211e-01	6.0341e-01	0.996438	3
ZNF780B	8	3.4224e-01	6.0354e-01	0.996438	4
BTN3A2	8	3.4265e-01	6.0396e-01	0.996438	2
CRIM1	8	3.4286e-01	6.0419e-01	0.996438	2
PMEPA1	8	3.4322e-01	6.0458e-01	0.996438	2
GRIN3A	8	3.4389e-01	6.0541e-01	0.996438	2
NME8	8	3.4409e-01	6.0559e-01	0.996438	3
IMPA2	8	3.4430e-01	6.0583e-01	0.996438	1
HSPA4L	8	3.4465e-01	6.0630e-01	0.996438	4
AMACR	8	3.4524e-01	6.0697e-01	0.996438	4
CHRNA10	8	3.4574e-01	6.0753e-01	0.996438	2
NonTargetingControlGuideForHuman_0178	1	3.4603e-01	3.4621e-01	0.966045	1
SIRPA	8	3.4685e-01	6.0873e-01	0.996438	4
KCNN1	8	3.4713e-01	6.0905e-01	0.996438	4
WDR5B	8	3.4788e-01	6.0983e-01	0.996438	2
TIMP3	8	3.4799e-01	6.0995e-01	0.996438	4
LPXN	8	3.4824e-01	6.1028e-01	0.996438	3
BATF3	8	3.4865e-01	6.1077e-01	0.996438	3
TXNRD1	8	3.4874e-01	6.1087e-01	0.996438	4
ATF5	8	3.4896e-01	6.1113e-01	0.996438	1
WLS	8	3.4904e-01	6.1123e-01	0.996438	4
EXOSC9	8	3.4977e-01	6.1203e-01	0.996438	4
YEATS2	8	3.4985e-01	6.1214e-01	0.996438	2
ALDH1A2	8	3.5035e-01	6.1272e-01	0.996438	4
RGS16	8	3.5153e-01	6.1412e-01	0.996438	4
CCL8	8	3.5193e-01	6.1454e-01	0.996438	3
TMEM244	8	3.5211e-01	6.1474e-01	0.996438	3
FLT1	8	3.5211e-01	6.1474e-01	0.996438	4
TUBB1	8	3.5231e-01	6.1501e-01	0.996438	4
CTSS	8	3.5242e-01	6.1513e-01	0.996438	3
GAL3ST1	8	3.5314e-01	6.1596e-01	0.996438	4
NPM3	8	3.5324e-01	6.1606e-01	0.996438	4
RAB19	8	3.5373e-01	6.1655e-01	0.996438	4
PSMB8	8	3.5416e-01	6.1701e-01	0.996438	2
PLEKHG7	8	3.5437e-01	6.1719e-01	0.996438	2
NonTargetingControlGuideForHuman_0074	1	3.5447e-01	3.5449e-01	0.966045	1
RGL1	8	3.5519e-01	6.1807e-01	0.996438	4
GIMAP6	8	3.5578e-01	6.1874e-01	0.996438	4
GAPT	8	3.5606e-01	6.1910e-01	0.996438	2
USP44	8	3.5641e-01	6.1952e-01	0.996438	3
NonTargetingControlGuideForHuman_0119	1	3.5667e-01	3.5656e-01	0.966045	1
FMNL2	8	3.5696e-01	6.2003e-01	0.996438	4
UST	8	3.5704e-01	6.2011e-01	0.996438	2
ANXA10	8	3.5712e-01	6.2022e-01	0.996438	2
IFITM5	8	3.5799e-01	6.2114e-01	0.996438	4
CLDN23	8	3.5800e-01	6.2115e-01	0.996438	3
USP18	8	3.5853e-01	6.2169e-01	0.996438	1
CLDND1	8	3.5980e-01	6.2313e-01	0.996438	3
NPR2	8	3.5990e-01	6.2324e-01	0.996438	4
DCP1A	8	3.6035e-01	6.2374e-01	0.996438	4
NonTargetingControlGuideForHuman_0135	1	3.6063e-01	3.6044e-01	0.966045	1
MAP1LC3C	8	3.6064e-01	6.2403e-01	0.996438	4
FKBP5	8	3.6095e-01	6.2437e-01	0.996438	3
CCL24	8	3.6167e-01	6.2518e-01	0.996966	4
IFI30	8	3.6239e-01	6.2609e-01	0.997176	2
NOS2	8	3.6260e-01	6.2630e-01	0.997176	3
SYNGR2	8	3.6345e-01	6.2720e-01	0.997176	4
LRRC32	8	3.6424e-01	6.2817e-01	0.997176	3
APOL1	8	3.6441e-01	6.2836e-01	0.997176	3
PAX8	8	3.6457e-01	6.2856e-01	0.997176	3
ODC1	8	3.6463e-01	6.2862e-01	0.997176	4
DUSP19	8	3.6699e-01	6.3138e-01	0.997477	4
BCL3	8	3.6728e-01	6.3159e-01	0.997477	1
UBTD2	8	3.6729e-01	6.3160e-01	0.997477	3
ENPP2	8	3.6788e-01	6.3223e-01	0.997477	4
BTBD19	6	3.6813e-01	5.8538e-01	0.994176	2
MFSD12	8	3.6833e-01	6.3267e-01	0.997477	4
NonTargetingControlGuideForHuman_0042	1	3.6901e-01	3.6894e-01	0.966045	1
ZNF835	8	3.6902e-01	6.3319e-01	0.997477	2
HRASLS5	8	3.6933e-01	6.3343e-01	0.997477	2
NonTargetingControlGuideForHuman_0161	1	3.6934e-01	3.6922e-01	0.966045	1
GADD45G	8	3.7017e-01	6.3406e-01	0.997477	3
FGL2	8	3.7075e-01	6.3444e-01	0.997477	1
IRF1	8	3.7213e-01	6.3546e-01	0.997477	3
TNFSF13B	8	3.7281e-01	6.3594e-01	0.997477	3
DHX58	8	3.7314e-01	6.3619e-01	0.997477	3
NonTargetingControlGuideForHuman_0003	1	3.7472e-01	3.7463e-01	0.966045	1
CD180	8	3.7512e-01	6.3762e-01	0.997477	3
CEBPB	8	3.7545e-01	6.3783e-01	0.997477	3
TNFAIP3	8	3.7627e-01	6.3839e-01	0.997477	3
NonTargetingControlGuideForHuman_0077	1	3.7830e-01	3.7810e-01	0.966045	1
TTC40	8	3.7842e-01	6.3987e-01	0.997477	3
CRY1	8	3.8139e-01	6.4214e-01	0.997477	3
TMEM123	8	3.8222e-01	6.4275e-01	0.997477	3
NonTargetingControlGuideForHuman_0170	1	3.8226e-01	3.8239e-01	0.966045	1
EIF2AK2	8	3.8288e-01	6.4328e-01	0.997477	3
TNFRSF11A	8	3.8302e-01	6.4337e-01	0.997477	3
CD276	8	3.8321e-01	6.4350e-01	0.997477	3
TAS2R14	8	3.8322e-01	6.4350e-01	0.997477	2
CCDC39	8	3.8465e-01	6.4455e-01	0.997477	2
LIMS1	8	3.8481e-01	6.4469e-01	0.997477	2
SYN1	8	3.8515e-01	6.4491e-01	0.997477	2
PPP1R10	8	3.8549e-01	6.4515e-01	0.997477	2
NonTargetingControlGuideForHuman_0009	1	3.8563e-01	3.8579e-01	0.966045	0
CCDC23	8	3.8583e-01	6.4542e-01	0.997477	2
ETV6	8	3.8628e-01	6.4575e-01	0.997477	2
UBQLNL	8	3.8684e-01	6.4614e-01	0.997477	2
APOBEC3H	8	3.8689e-01	6.4618e-01	0.997477	3
MACC1	8	3.8717e-01	6.4638e-01	0.997477	3
NonTargetingControlGuideForHuman_0011	1	3.8816e-01	3.8843e-01	0.966045	0
SERPINF1	8	3.8892e-01	6.4751e-01	0.997477	3
GPR137B	8	3.8916e-01	6.4764e-01	0.997477	3
NonTargetingControlGuideForHuman_0193	1	3.8972e-01	3.8986e-01	0.966045	0
GCLM	8	3.9190e-01	6.4949e-01	0.997477	3
PHLDB1	8	3.9296e-01	6.5025e-01	0.997477	3
RAPH1	8	3.9325e-01	6.5041e-01	0.997477	1
NonTargetingControlGuideForHuman_0028	1	3.9414e-01	3.9434e-01	0.966045	0
NonTargetingControlGuideForHuman_0056	1	3.9608e-01	3.9626e-01	0.966045	0
SNX24	8	3.9626e-01	6.5269e-01	0.997477	2
NKAIN1	8	3.9659e-01	6.5296e-01	0.997477	2
ABLIM3	8	3.9693e-01	6.5319e-01	0.997477	1
NonTargetingControlGuideForHuman_0120	1	3.9777e-01	3.9800e-01	0.966045	0
CXCL12	8	3.9792e-01	6.5387e-01	0.997477	3
NonTargetingControlGuideForHuman_0048	1	3.9829e-01	3.9858e-01	0.966045	0
KCNJ10	8	3.9842e-01	6.5425e-01	0.997477	3
BTN3A3	8	3.9892e-01	6.5458e-01	0.997477	3
NFE2L3	8	3.9925e-01	6.5477e-01	0.997477	3
CCDC113	8	3.9926e-01	6.5478e-01	0.997477	2
CCND2	8	3.9928e-01	6.5478e-01	0.997477	3
PAK3	8	3.9992e-01	6.5517e-01	0.997477	3
HCAR2	8	4.0026e-01	6.5544e-01	0.997477	2
NonTargetingControlGuideForHuman_0051	1	4.0082e-01	4.0088e-01	0.966134	0
FAM26F	8	4.0190e-01	6.5671e-01	0.997477	3
IFI27	8	4.0333e-01	6.5770e-01	0.997477	2
MARCKSL1	8	4.0372e-01	6.5791e-01	0.997477	3
SLC23A2	8	4.0434e-01	6.5830e-01	0.997477	3
CD207	8	4.0454e-01	6.5847e-01	0.997477	3
TRAF1	8	4.0456e-01	6.5849e-01	0.997477	2
HLA-DPA1	8	4.0521e-01	6.5886e-01	0.997477	3
PDGFC	8	4.0522e-01	6.5887e-01	0.997477	2
SDC4	8	4.0620e-01	6.5955e-01	0.997477	3
IRF2	8	4.0670e-01	6.5993e-01	0.997477	3
GBP1	8	4.0757e-01	6.6054e-01	0.997477	2
RXFP1	8	4.0785e-01	6.6073e-01	0.997477	1
IFT74	8	4.0818e-01	6.6100e-01	0.997477	3
SLC35F5	8	4.0885e-01	6.6137e-01	0.997477	3
GLRX	8	4.0934e-01	6.6173e-01	0.997477	3
ATP7A	8	4.1009e-01	6.6229e-01	0.997477	2
P2RY2	8	4.1026e-01	6.6236e-01	0.997477	3
ADORA2A	7	4.1058e-01	6.3568e-01	0.997477	3
C14orf79	8	4.1100e-01	6.6290e-01	0.997477	2
C5orf51	8	4.1201e-01	6.6356e-01	0.997477	3
UGT1A8	8	4.1211e-01	6.6364e-01	0.997477	3
ANP32B	8	4.1406e-01	6.6492e-01	0.997477	3
MDK	8	4.1471e-01	6.6532e-01	0.997477	2
SLC43A2	8	4.1805e-01	6.6768e-01	0.997477	2
ME3	8	4.1845e-01	6.6792e-01	0.997477	3
PTGFRN	8	4.1860e-01	6.6803e-01	0.997477	2
IL12RB2	8	4.1865e-01	6.6804e-01	0.997477	2
RGS1	8	4.1989e-01	6.6890e-01	0.997477	2
PKD2L1	8	4.2118e-01	6.6984e-01	0.997477	2
PLK3	8	4.2275e-01	6.7100e-01	0.997477	3
ARSB	8	4.2487e-01	6.7253e-01	0.997477	2
NPR1	8	4.2535e-01	6.7292e-01	0.997477	1
LIG4	8	4.2573e-01	6.7319e-01	0.997477	3
ACE	8	4.2599e-01	6.7342e-01	0.997477	3
EPAS1	8	4.2656e-01	6.7381e-01	0.997477	3
GOLPH3L	8	4.2663e-01	6.7386e-01	0.997477	2
CBWD3	8	4.2695e-01	6.7414e-01	0.997477	2
PRR16	8	4.2706e-01	6.7422e-01	0.997477	3
PRDM16	8	4.2807e-01	6.7490e-01	0.997477	2
SAMHD1	8	4.2918e-01	6.7565e-01	0.997477	2
ZNF691	8	4.2982e-01	6.7608e-01	0.997477	1
NonTargetingControlGuideForHuman_0103	1	4.3004e-01	4.2985e-01	0.977106	0
C1orf122	8	4.3045e-01	6.7652e-01	0.997477	3
IL1R1	8	4.3266e-01	6.7822e-01	0.997477	2
LGALS8	8	4.3318e-01	6.7858e-01	0.997477	3
PLAU	8	4.3614e-01	6.8088e-01	0.997477	3
ARRDC3	8	4.3644e-01	6.8112e-01	0.997477	3
BATF2	8	4.3708e-01	6.8147e-01	0.997477	3
CXCL16	8	4.3744e-01	6.8175e-01	0.997477	3
RBCK1	8	4.3814e-01	6.8220e-01	0.997477	3
TRIM22	8	4.3843e-01	6.8240e-01	0.997477	2
NonTargetingControlGuideForHuman_0148	1	4.3855e-01	4.3837e-01	0.984235	0
KPTN	8	4.3897e-01	6.8286e-01	0.997477	2
CCND1	8	4.3923e-01	6.8301e-01	0.997477	3
CCDC87	8	4.3959e-01	6.8321e-01	0.997477	2
EXOC4	8	4.4022e-01	6.8371e-01	0.997477	2
TNFRSF9	8	4.4053e-01	6.8401e-01	0.997477	2
RBM11	8	4.4141e-01	6.8465e-01	0.997477	3
ELOVL7	8	4.4147e-01	6.8468e-01	0.997477	2
DNAJB5	8	4.4178e-01	6.8493e-01	0.997477	2
PREPL	8	4.4276e-01	6.8563e-01	0.997477	3
NonTargetingControlGuideForHuman_0121	1	4.4290e-01	4.4279e-01	0.984433	0
DCUN1D3	8	4.4303e-01	6.8580e-01	0.997477	2
FAM19A2	8	4.4334e-01	6.8607e-01	0.997477	2
SLC27A2	8	4.4489e-01	6.8715e-01	0.997477	3
TKTL1	8	4.4617e-01	6.8801e-01	0.997477	2
NonTargetingControlGuideForHuman_0061	1	4.4686e-01	4.4674e-01	0.984433	0
CLEC4F	8	4.4696e-01	6.8856e-01	0.997477	3
FCRL4	8	4.4706e-01	6.8861e-01	0.997477	1
MGAT5B	8	4.4887e-01	6.8991e-01	0.997477	3
NonTargetingControlGuideForHuman_0154	1	4.4907e-01	4.4889e-01	0.984433	0
DEFA3	8	4.4920e-01	6.9015e-01	0.997477	3
ZSWIM3	8	4.5014e-01	6.9079e-01	0.997477	1
ANKRD66	8	4.5137e-01	6.9171e-01	0.997477	1
TRPC3	8	4.5209e-01	6.9223e-01	0.997477	3
GPR180	8	4.5248e-01	6.9253e-01	0.997477	2
KIR3DL3	8	4.5307e-01	6.9300e-01	0.997477	2
KYNU	8	4.5349e-01	6.9333e-01	0.997477	3
FOSL2	8	4.5352e-01	6.9336e-01	0.997477	1
MASTL	8	4.5444e-01	6.9399e-01	0.997477	2
CRLF2	8	4.5596e-01	6.9501e-01	0.997477	2
JUN	8	4.5718e-01	6.9597e-01	0.997477	2
BATF	8	4.5728e-01	6.9604e-01	0.997477	3
EMP2	8	4.5740e-01	6.9612e-01	0.997477	2
PSMA6	8	4.5749e-01	6.9619e-01	0.997477	2
PLAC8	8	4.5826e-01	6.9674e-01	0.997477	3
MCL1	8	4.5843e-01	6.9687e-01	0.997477	3
GPX2	8	4.5897e-01	6.9724e-01	0.997477	2
ITGA11	8	4.5909e-01	6.9735e-01	0.997477	3
C1QC	8	4.6113e-01	6.9871e-01	0.997477	1
TTC21A	8	4.6203e-01	6.9935e-01	0.997477	1
RABAC1	8	4.6238e-01	6.9957e-01	0.997477	3
ITGB7	8	4.6287e-01	6.9999e-01	0.997477	3
NonTargetingControlGuideForHuman_0071	1	4.6296e-01	4.6287e-01	0.993934	0
KIAA1671	8	4.6304e-01	7.0012e-01	0.997477	3
MGLL	8	4.6320e-01	7.0022e-01	0.997477	3
NonTargetingControlGuideForHuman_0111	1	4.6406e-01	4.6405e-01	0.993934	0
MC5R	8	4.6419e-01	7.0088e-01	0.997477	3
TREM2	8	4.6444e-01	7.0106e-01	0.997477	2
FAM19A3	8	4.6468e-01	7.0123e-01	0.997477	3
NFS1	8	4.6655e-01	7.0259e-01	0.997477	2
TRMT1L	8	4.6685e-01	7.0280e-01	0.997477	1
SP110	8	4.6797e-01	7.0352e-01	0.997477	2
IKBKE	8	4.6864e-01	7.0396e-01	0.997477	2
NonTargetingControlGuideForHuman_0163	1	4.6867e-01	4.6834e-01	0.993934	0
HIVEP1	8	4.6894e-01	7.0414e-01	0.997477	2
TUFT1	8	4.7092e-01	7.0554e-01	0.997477	3
NUPR1	7	4.7107e-01	6.8880e-01	0.997477	1
KIR2DL4	8	4.7167e-01	7.0612e-01	0.997477	2
SLC45A2	8	4.7221e-01	7.0650e-01	0.997477	3
SDS	8	4.7251e-01	7.0674e-01	0.997477	1
CABLES1	8	4.7272e-01	7.0689e-01	0.997477	3
RAD9A	8	4.7281e-01	7.0694e-01	0.997477	2
C5orf54	8	4.7342e-01	7.0732e-01	0.997477	3
OPTN	8	4.7361e-01	7.0747e-01	0.997477	2
FAM46C	8	4.7600e-01	7.0915e-01	0.997847	3
SUSD3	8	4.7606e-01	7.0919e-01	0.997847	2
NFKBIZ	8	4.7617e-01	7.0925e-01	0.997847	3
HAVCR2	8	4.7665e-01	7.0963e-01	0.997847	2
RIPK3	8	4.7884e-01	7.1127e-01	0.999481	3
NonTargetingControlGuideForHuman_0005	1	4.7887e-01	4.7859e-01	0.993934	0
NonTargetingControlGuideForHuman_0073	1	4.8055e-01	4.8022e-01	0.993934	0
NonTargetingControlGuideForHuman_0173	1	4.8133e-01	4.8096e-01	0.993934	0
TOR1B	8	4.8136e-01	7.1293e-01	0.999998	3
OASL	8	4.8206e-01	7.1343e-01	0.999998	3
HIST2H2AB	8	4.8339e-01	7.1440e-01	0.999998	2
ZNF543	8	4.8456e-01	7.1520e-01	0.999998	2
SYT17	8	4.8549e-01	7.1587e-01	0.999998	3
IFNGR1	7	4.8673e-01	7.0234e-01	0.997477	3
PPIF	8	4.8804e-01	7.1785e-01	0.999998	2
NOD2	8	4.8944e-01	7.1888e-01	0.999998	3
NonTargetingControlGuideForHuman_0174	1	4.8977e-01	4.8951e-01	0.993934	0
F2RL2	8	4.9022e-01	7.1939e-01	0.999998	3
CCL5	8	4.9150e-01	7.2031e-01	0.999998	1
TCTEX1D1	8	4.9234e-01	7.2092e-01	0.999998	3
IL1R2	8	4.9436e-01	7.2224e-01	0.999998	2
NDN	8	4.9670e-01	7.2385e-01	0.999998	2
XDH	8	4.9770e-01	7.2443e-01	0.999998	3
TNNI1	8	4.9842e-01	7.2491e-01	0.999998	3
THTPA	8	4.9892e-01	7.2527e-01	0.999998	2
NonTargetingControlGuideForHuman_0160	1	4.9893e-01	4.9884e-01	0.993934	0
GREM1	8	4.9949e-01	7.2565e-01	0.999998	3
HOMEZ	8	4.9977e-01	7.2586e-01	0.999998	1
PFKFB3	8	5.0030e-01	7.2626e-01	0.999998	3
H1F0	8	5.0089e-01	7.2670e-01	0.999998	3
NonTargetingControlGuideForHuman_0166	1	5.0192e-01	5.0190e-01	0.993934	0
NRL	8	5.0322e-01	7.2847e-01	0.999998	3
ZC3HAV1	8	5.0487e-01	7.2970e-01	0.999998	2
DHFRL1	8	5.0597e-01	7.3044e-01	0.999998	2
ANXA2R	8	5.0619e-01	7.3057e-01	0.999998	2
RIMBP3	8	5.0711e-01	7.3118e-01	0.999998	3
CCND3	8	5.0759e-01	7.3148e-01	0.999998	3
SEC14L2	8	5.0905e-01	7.3252e-01	0.999998	2
CCL4	8	5.0953e-01	7.3285e-01	0.999998	3
ZNF140	8	5.1016e-01	7.3325e-01	0.999998	2
AKAP3	8	5.1035e-01	7.3340e-01	0.999998	2
PNRC1	8	5.1050e-01	7.3347e-01	0.999998	3
B3GNT5	8	5.1072e-01	7.3363e-01	0.999998	2
CBLN3	8	5.1099e-01	7.3378e-01	0.999998	3
DUSP5	8	5.1155e-01	7.3420e-01	0.999998	1
IFIT1	8	5.1238e-01	7.3477e-01	0.999998	1
C16orf52	8	5.1405e-01	7.3592e-01	0.999998	3
CLIC5	8	5.1504e-01	7.3659e-01	0.999998	3
NonTargetingControlGuideForHuman_0068	1	5.1542e-01	5.1532e-01	0.993934	0
TMEM217	8	5.1550e-01	7.3692e-01	0.999998	3
NonTargetingControlGuideForHuman_0095	1	5.1555e-01	5.1545e-01	0.993934	0
ENG	8	5.1711e-01	7.3800e-01	0.999998	3
LRP12	8	5.1735e-01	7.3818e-01	0.999998	2
RGAG4	8	5.1789e-01	7.3851e-01	0.999998	3
VEGFC	8	5.1872e-01	7.3906e-01	0.999998	3
SCG3	8	5.1953e-01	7.3968e-01	0.999998	3
FGD2	8	5.1969e-01	7.3978e-01	0.999998	3
NonTargetingControlGuideForHuman_0191	1	5.1984e-01	5.1957e-01	0.993934	0
ACSL4	8	5.2140e-01	7.4097e-01	0.999998	2
S1PR3	8	5.2172e-01	7.4122e-01	0.999998	2
CISH	8	5.2281e-01	7.4189e-01	0.999998	2
C15orf48	8	5.2363e-01	7.4247e-01	0.999998	3
SYNE2	8	5.2386e-01	7.4262e-01	0.999998	3
HIST1H2BD	8	5.2401e-01	7.4272e-01	0.999998	2
SYTL2	8	5.2475e-01	7.4319e-01	0.999998	2
ADAMTS7	8	5.2498e-01	7.4332e-01	0.999998	2
SEC22B	8	5.2623e-01	7.4411e-01	0.999998	2
BRSK1	8	5.2642e-01	7.4428e-01	0.999998	2
SRXN1	8	5.2658e-01	7.4439e-01	0.999998	3
SQLE	8	5.2660e-01	7.4440e-01	0.999998	1
SLAMF1	8	5.2698e-01	7.4466e-01	0.999998	2
ACRC	8	5.2738e-01	7.4493e-01	0.999998	3
ATL3	8	5.2768e-01	7.4514e-01	0.999998	2
NonTargetingControlGuideForHuman_0187	1	5.2789e-01	5.2740e-01	0.993934	0
NonTargetingControlGuideForHuman_0182	1	5.2879e-01	5.2830e-01	0.993934	0
SOBP	8	5.2920e-01	7.4620e-01	0.999998	3
FAM83G	8	5.2938e-01	7.4633e-01	0.999998	2
ARID5A	8	5.2994e-01	7.4668e-01	0.999998	3
AMZ1	8	5.3064e-01	7.4721e-01	0.999998	2
DYNLL1	8	5.3117e-01	7.4754e-01	0.999998	3
WDFY1	8	5.3224e-01	7.4828e-01	0.999998	3
IL27	8	5.3251e-01	7.4845e-01	0.999998	2
NonTargetingControlGuideForHuman_0157	1	5.3289e-01	5.3228e-01	0.993934	0
NonTargetingControlGuideForHuman_0153	1	5.3373e-01	5.3303e-01	0.993934	0
AGXT	8	5.3384e-01	7.4945e-01	0.999998	2
C1orf106	8	5.3457e-01	7.4994e-01	0.999998	3
ZBTB42	8	5.3528e-01	7.5050e-01	0.999998	2
NonTargetingControlGuideForHuman_0162	1	5.3691e-01	5.3622e-01	0.993934	0
GRB10	8	5.3703e-01	7.5173e-01	0.999998	1
AIDA	8	5.3749e-01	7.5200e-01	0.999998	2
NonTargetingControlGuideForHuman_0143	1	5.3775e-01	5.3702e-01	0.993934	0
SPATC1	8	5.3895e-01	7.5302e-01	0.999998	2
NonTargetingControlGuideForHuman_0024	1	5.3970e-01	5.3901e-01	0.993934	0
HLA-DOB	8	5.4125e-01	7.5458e-01	0.999998	3
MYBPC3	8	5.4178e-01	7.5499e-01	0.999998	1
ITGAV	8	5.4406e-01	7.5663e-01	0.999998	3
KCNH4	8	5.4439e-01	7.5686e-01	0.999998	3
FAP	8	5.4465e-01	7.5709e-01	0.999998	2
C4orf33	8	5.4607e-01	7.5819e-01	0.999998	2
KEAP1	8	5.4674e-01	7.5859e-01	0.999998	2
SPATS2L	8	5.4716e-01	7.5891e-01	0.999998	2
NonTargetingControlGuideForHuman_0027	1	5.4736e-01	5.4702e-01	0.993934	0
SSBP3	8	5.4742e-01	7.5910e-01	0.999998	3
SLC7A1	8	5.4879e-01	7.6014e-01	0.999998	2
EMR1	8	5.4881e-01	7.6015e-01	0.999998	2
ZNF441	8	5.4987e-01	7.6092e-01	0.999998	3
KIAA1217	8	5.5088e-01	7.6180e-01	0.999998	1
MKX	8	5.5114e-01	7.6194e-01	0.999998	2
SMAD7	8	5.5215e-01	7.6269e-01	0.999998	3
SLC7A11	8	5.5222e-01	7.6273e-01	0.999998	2
NonTargetingControlGuideForHuman_0080	1	5.5321e-01	5.5300e-01	0.993934	0
MN1	8	5.5345e-01	7.6364e-01	0.999998	2
ADA	8	5.5422e-01	7.6418e-01	0.999998	3
CTRL	8	5.5593e-01	7.6536e-01	0.999998	3
ZNF205	8	5.5626e-01	7.6560e-01	0.999998	2
NonTargetingControlGuideForHuman_0040	1	5.5658e-01	5.5656e-01	0.993934	0
BEST1	8	5.5671e-01	7.6600e-01	0.999998	3
MYO1G	8	5.5828e-01	7.6710e-01	0.999998	3
PARP11	8	5.5830e-01	7.6712e-01	0.999998	2
SAMD9	8	5.5859e-01	7.6729e-01	0.999998	3
LIN37	8	5.5906e-01	7.6763e-01	0.999998	3
GALNT2	8	5.5957e-01	7.6800e-01	0.999998	2
GIMAP5	8	5.5969e-01	7.6804e-01	0.999998	3
NonTargetingControlGuideForHuman_0180	1	5.6035e-01	5.6037e-01	0.993934	0
BAI1	8	5.6204e-01	7.6965e-01	0.999998	3
DHRS9	8	5.6407e-01	7.7100e-01	0.999998	3
BBS12	8	5.6411e-01	7.7103e-01	0.999998	2
AIM1	8	5.6562e-01	7.7211e-01	0.999998	3
TM2D2	8	5.6625e-01	7.7251e-01	0.999998	3
POLN	8	5.6707e-01	7.7306e-01	0.999998	2
B4GALT5	8	5.6737e-01	7.7323e-01	0.999998	1
MMP9	8	5.6750e-01	7.7330e-01	0.999998	3
LILRA5	8	5.6765e-01	7.7339e-01	0.999998	3
OSBPL9	8	5.7029e-01	7.7525e-01	0.999998	3
IGIP	8	5.7169e-01	7.7631e-01	0.999998	3
NonTargetingControlGuideForHuman_0156	1	5.7191e-01	5.7199e-01	0.994176	0
AKAP12	8	5.7258e-01	7.7686e-01	0.999998	1
YJEFN3	8	5.7324e-01	7.7737e-01	0.999998	3
NonTargetingControlGuideForHuman_0052	1	5.7372e-01	5.7379e-01	0.994176	0
PCDH11X	8	5.7430e-01	7.7815e-01	0.999998	2
PARP14	8	5.7448e-01	7.7830e-01	0.999998	3
IRF3	8	5.7463e-01	7.7835e-01	0.999998	3
AKAP8	8	5.7484e-01	7.7850e-01	0.999998	2
DFNB31	8	5.7510e-01	7.7866e-01	0.999998	3
RAB42	8	5.7618e-01	7.7946e-01	0.999998	3
ERAP2	8	5.7660e-01	7.7978e-01	0.999998	2
IDO1	8	5.7676e-01	7.7987e-01	0.999998	1
SEMA4D	8	5.7847e-01	7.8104e-01	0.999998	1
NonTargetingControlGuideForHuman_0070	1	5.7859e-01	5.7875e-01	0.994176	0
ST3GAL5	8	5.7871e-01	7.8120e-01	0.999998	1
NonTargetingControlGuideForHuman_0029	1	5.7924e-01	5.7953e-01	0.994176	0
MYO5C	8	5.7957e-01	7.8176e-01	0.999998	2
NonTargetingControlGuideForHuman_0097	1	5.8015e-01	5.8049e-01	0.994176	0
A2M	8	5.8166e-01	7.8322e-01	0.999998	2
UBE2S	8	5.8573e-01	7.8623e-01	0.999998	2
MVB12B	8	5.8649e-01	7.8678e-01	0.999998	3
JUNB	8	5.8669e-01	7.8688e-01	0.999998	2
NonTargetingControlGuideForHuman_0049	1	5.8684e-01	5.8712e-01	0.994176	0
ITIH4	8	5.8741e-01	7.8742e-01	0.999998	3
NonTargetingControlGuideForHuman_0147	1	5.8762e-01	5.8787e-01	0.994176	0
UGT1A1	8	5.8774e-01	7.8766e-01	0.999998	2
NonTargetingControlGuideForHuman_0136	1	5.8827e-01	5.8845e-01	0.994176	0
CCL1	8	5.9032e-01	7.8956e-01	0.999998	2
CRP	8	5.9050e-01	7.8969e-01	0.999998	2
MAFB	8	5.9075e-01	7.8986e-01	0.999998	3
TLX2	8	5.9153e-01	7.9041e-01	0.999998	3
RALGDS	8	5.9198e-01	7.9076e-01	0.999998	3
CD3EAP	8	5.9342e-01	7.9185e-01	0.999998	2
ZNFX1	8	5.9381e-01	7.9213e-01	0.999998	3
CXCL11	8	5.9393e-01	7.9223e-01	0.999998	2
OLFM2	8	5.9487e-01	7.9295e-01	0.999998	3
ZNF485	8	5.9548e-01	7.9331e-01	0.999998	3
SPATA5	8	5.9598e-01	7.9372e-01	0.999998	2
PLIN2	8	5.9618e-01	7.9389e-01	0.999998	1
C17orf66	8	5.9642e-01	7.9405e-01	0.999998	2
HIST2H2BE	8	5.9670e-01	7.9427e-01	0.999998	3
NonTargetingControlGuideForHuman_0113	1	5.9781e-01	5.9801e-01	0.996438	0
CXCL1	8	5.9821e-01	7.9542e-01	0.999998	3
IL3RA	8	5.9957e-01	7.9640e-01	0.999998	3
TNFRSF18	8	6.0092e-01	7.9735e-01	0.999998	2
HMSD	8	6.0109e-01	7.9746e-01	0.999998	3
PIK3R3	8	6.0202e-01	7.9817e-01	0.999998	1
UBA7	8	6.0295e-01	7.9880e-01	0.999998	1
ZNF616	8	6.0335e-01	7.9910e-01	0.999998	3
NonTargetingControlGuideForHuman_0141	1	6.0476e-01	6.0530e-01	0.996438	0
NonTargetingControlGuideForHuman_0022	1	6.0482e-01	6.0536e-01	0.996438	0
KIFC3	8	6.0500e-01	8.0034e-01	0.999998	3
NonTargetingControlGuideForHuman_0137	1	6.0508e-01	6.0552e-01	0.996438	0
LHFPL2	8	6.0526e-01	8.0049e-01	0.999998	2
ANKS1B	8	6.0532e-01	8.0052e-01	0.999998	2
PTPRN2	8	6.0561e-01	8.0075e-01	0.999998	3
SCO2	8	6.0595e-01	8.0098e-01	0.999998	1
ARG2	8	6.0636e-01	8.0126e-01	0.999998	3
ARHGAP31	8	6.0726e-01	8.0186e-01	0.999998	3
PKP2	8	6.0802e-01	8.0244e-01	0.999998	2
PARPBP	8	6.0915e-01	8.0317e-01	0.999998	2
PLK2	8	6.0951e-01	8.0344e-01	0.999998	3
CRTAM	8	6.1053e-01	8.0413e-01	0.999998	2
RAB27A	8	6.1098e-01	8.0451e-01	0.999998	2
MET	8	6.1160e-01	8.0493e-01	0.999998	3
EHF	8	6.1205e-01	8.0520e-01	0.999998	3
NonTargetingControlGuideForHuman_0055	1	6.1216e-01	6.1235e-01	0.996438	0
FEZ1	8	6.1454e-01	8.0702e-01	0.999998	2
ARNTL	8	6.1460e-01	8.0708e-01	0.999998	2
FZD5	8	6.1504e-01	8.0739e-01	0.999998	2
RNASE6	8	6.1505e-01	8.0741e-01	0.999998	2
MX2	8	6.1518e-01	8.0747e-01	0.999998	3
OPRM1	8	6.1520e-01	8.0751e-01	0.999998	3
NFKB2	8	6.1640e-01	8.0840e-01	0.999998	2
NTRK1	8	6.1662e-01	8.0854e-01	0.999998	2
OSMR	8	6.1819e-01	8.0970e-01	0.999998	2
SKIDA1	8	6.1819e-01	8.0970e-01	0.999998	1
NonTargetingControlGuideForHuman_0084	1	6.1865e-01	6.1890e-01	0.996438	0
YAE1D1	8	6.1874e-01	8.1010e-01	0.999998	3
TLCD1	8	6.1963e-01	8.1077e-01	0.999998	3
BRIP1	8	6.2067e-01	8.1148e-01	0.999998	3
NXPH4	8	6.2149e-01	8.1203e-01	0.999998	2
RIPK2	8	6.2155e-01	8.1208e-01	0.999998	3
TMOD3	8	6.2232e-01	8.1258e-01	0.999998	3
ZNF610	8	6.2273e-01	8.1285e-01	0.999998	3
GPR84	8	6.2303e-01	8.1310e-01	0.999998	3
NonTargetingControlGuideForHuman_0059	1	6.2326e-01	6.2369e-01	0.996438	0
TMEM178B	8	6.2332e-01	8.1328e-01	0.999998	3
ELFN1	8	6.2363e-01	8.1350e-01	0.999998	2
B2M	8	6.2436e-01	8.1407e-01	0.999998	3
GRASP	8	6.2441e-01	8.1411e-01	0.999998	3
JUP	8	6.2656e-01	8.1564e-01	0.999998	3
SHISA5	8	6.2671e-01	8.1572e-01	0.999998	3
IFITM3	8	6.2730e-01	8.1614e-01	0.999998	3
TNNT2	8	6.2739e-01	8.1624e-01	0.999998	2
CHAC2	8	6.2788e-01	8.1661e-01	0.999998	3
EDN1	8	6.2818e-01	8.1681e-01	0.999998	3
SERTAD1	8	6.2821e-01	8.1684e-01	0.999998	2
ARHGEF3	8	6.2902e-01	8.1743e-01	0.999998	2
NPAS2	8	6.3096e-01	8.1876e-01	0.999998	3
HIST1H3D	8	6.3111e-01	8.1883e-01	0.999998	3
C5	8	6.3271e-01	8.1988e-01	0.999998	3
RASGRP3	8	6.3292e-01	8.2000e-01	0.999998	3
CHAC1	8	6.3357e-01	8.2054e-01	0.999998	2
ALAS1	8	6.3400e-01	8.2085e-01	0.999998	2
RBMS2	8	6.3534e-01	8.2188e-01	0.999998	2
WNT10A	8	6.3606e-01	8.2229e-01	0.999998	3
KLHL41	8	6.3650e-01	8.2260e-01	0.999998	3
G3BP1	8	6.3888e-01	8.2426e-01	0.999998	2
C10orf55	8	6.3939e-01	8.2462e-01	0.999998	3
ZNF540	8	6.3978e-01	8.2492e-01	0.999998	2
PLEKHF1	8	6.4032e-01	8.2527e-01	0.999998	2
DCAF7	8	6.4042e-01	8.2534e-01	0.999998	1
PADI2	8	6.4048e-01	8.2539e-01	0.999998	2
MSMO1	8	6.4084e-01	8.2565e-01	0.999998	1
NonTargetingControlGuideForHuman_0087	1	6.4086e-01	6.4196e-01	0.997477	0
ID1	8	6.4113e-01	8.2584e-01	0.999998	3
AKAP2	8	6.4329e-01	8.2744e-01	0.999998	3
TNFRSF10A	8	6.4509e-01	8.2867e-01	0.999998	2
GLIPR2	8	6.4516e-01	8.2871e-01	0.999998	3
C1QB	8	6.4573e-01	8.2912e-01	0.999998	2
SLC35A2	8	6.4620e-01	8.2954e-01	0.999998	2
MED20	8	6.4631e-01	8.2962e-01	0.999998	3
CCRL2	8	6.4803e-01	8.3081e-01	0.999998	3
SEMA4G	8	6.4904e-01	8.3144e-01	0.999998	2
ZNF850	8	6.5131e-01	8.3249e-01	0.999998	2
SERPING1	8	6.5234e-01	8.3288e-01	0.999998	1
ZUFSP	8	6.5337e-01	8.3331e-01	0.999998	2
VMP1	8	6.5378e-01	8.3347e-01	0.999998	1
HK2	8	6.5440e-01	8.3371e-01	0.999998	1
IL12RB1	8	6.5705e-01	8.3460e-01	0.999998	2
TTC39B	8	6.6443e-01	8.3753e-01	0.999998	2
HS3ST1	8	6.6452e-01	8.3755e-01	0.999998	1
SRBD1	8	6.6489e-01	8.3769e-01	0.999998	2
ZNF221	8	6.6531e-01	8.3786e-01	0.999998	2
NonTargetingControlGuideForHuman_0129	1	6.6592e-01	6.6679e-01	0.997477	0
RET	8	6.6730e-01	8.3859e-01	0.999998	2
APOE	8	6.6779e-01	8.3878e-01	0.999998	2
AHNAK2	8	6.6869e-01	8.3913e-01	0.999998	2
C5orf58	8	6.6900e-01	8.3927e-01	0.999998	2
KIAA1199	8	6.7475e-01	8.4161e-01	0.999998	2
NonTargetingControlGuideForHuman_0115	1	6.7520e-01	6.7590e-01	0.997477	0
SCARB2	8	6.7689e-01	8.4256e-01	0.999998	1
NonTargetingControlGuideForHuman_0039	1	6.7702e-01	6.7764e-01	0.997477	0
MNDA	8	6.7901e-01	8.4338e-01	0.999998	1
PDE4DIP	8	6.7959e-01	8.4359e-01	0.999998	2
LIPG	8	6.7968e-01	8.4365e-01	0.999998	2
NonTargetingControlGuideForHuman_0057	1	6.8196e-01	6.8254e-01	0.997477	0
HELB	8	6.8575e-01	8.4599e-01	0.999998	2
CCDC9	8	6.8766e-01	8.4679e-01	0.999998	2
NonTargetingControlGuideForHuman_0034	1	6.8774e-01	6.8826e-01	0.997477	0
NonTargetingControlGuideForHuman_0078	1	6.8858e-01	6.8906e-01	0.997477	0
NonTargetingControlGuideForHuman_0066	1	6.8877e-01	6.8924e-01	0.997477	0
IL17RB	8	6.9037e-01	8.4791e-01	0.999998	2
NAIP	8	6.9407e-01	8.4931e-01	0.999998	1
HSPA1A	8	6.9609e-01	8.5004e-01	0.999998	2
PMAIP1	8	6.9723e-01	8.5042e-01	0.999998	2
SP100	8	6.9752e-01	8.5055e-01	0.999998	2
PARP9	8	6.9774e-01	8.5064e-01	0.999998	2
MSR1	8	6.9901e-01	8.5109e-01	0.999998	1
SLC23A3	8	6.9992e-01	8.5148e-01	0.999998	1
NonTargetingControlGuideForHuman_0075	1	7.0059e-01	7.0108e-01	0.997477	0
LAP3	8	7.0067e-01	8.5175e-01	0.999998	2
NonTargetingControlGuideForHuman_0198	1	7.0098e-01	7.0144e-01	0.997477	0
C3	8	7.0172e-01	8.5212e-01	0.999998	1
NonTargetingControlGuideForHuman_0089	1	7.0669e-01	7.0689e-01	0.997477	0
TRIM25	8	7.0744e-01	8.5446e-01	0.999998	2
CFB	8	7.0788e-01	8.5461e-01	0.999998	2
C10orf12	8	7.0802e-01	8.5467e-01	0.999998	2
SAA1	8	7.0868e-01	8.5500e-01	0.999998	2
PARP12	8	7.0900e-01	8.5514e-01	0.999998	2
MT2A	8	7.0991e-01	8.5544e-01	0.999998	1
SLC16A1	8	7.1044e-01	8.5564e-01	0.999998	1
BEST4	8	7.1054e-01	8.5568e-01	0.999998	2
FAR1	8	7.1082e-01	8.5578e-01	0.999998	2
TMEM106A	8	7.1254e-01	8.5650e-01	0.999998	2
SYNM	8	7.1263e-01	8.5654e-01	0.999998	2
ACTL10	8	7.1374e-01	8.5710e-01	0.999998	2
IRAK2	8	7.1408e-01	8.5724e-01	0.999998	2
PXK	8	7.1532e-01	8.5775e-01	0.999998	2
C12orf55	6	7.1568e-01	8.2976e-01	0.999998	1
BLVRA	8	7.1584e-01	8.5795e-01	0.999998	1
ZFYVE16	8	7.1787e-01	8.5882e-01	0.999998	2
CDK18	8	7.1856e-01	8.5911e-01	0.999998	2
TMEM41B	8	7.2013e-01	8.5982e-01	0.999998	1
NFKBID	8	7.2149e-01	8.6033e-01	0.999998	1
HIST1H2BK	8	7.2427e-01	8.6143e-01	0.999998	2
NonTargetingControlGuideForHuman_0200	1	7.2448e-01	7.2496e-01	0.999998	0
TMEM186	8	7.2970e-01	8.6391e-01	0.999998	2
NonTargetingControlGuideForHuman_0096	1	7.2981e-01	7.3022e-01	0.999998	0
BCAS4	8	7.3036e-01	8.6419e-01	0.999998	1
BTN3A1	8	7.3057e-01	8.6430e-01	0.999998	2
EPC1	8	7.3150e-01	8.6471e-01	0.999998	2
NonTargetingControlGuideForHuman_0167	1	7.3195e-01	7.3243e-01	0.999998	0
PMP22	8	7.3283e-01	8.6531e-01	0.999998	2
RALA	8	7.3309e-01	8.6540e-01	0.999998	2
DENND1B	8	7.3704e-01	8.6698e-01	0.999998	2
HSPA1B	8	7.3717e-01	8.6704e-01	0.999998	2
MICB	8	7.3834e-01	8.6755e-01	0.999998	2
NIPAL1	8	7.3913e-01	8.6799e-01	0.999998	2
NCOA7	8	7.3994e-01	8.6831e-01	0.999998	1
MAVS	8	7.4276e-01	8.6964e-01	0.999998	2
PLSCR4	8	7.4360e-01	8.6999e-01	0.999998	1
NonTargetingControlGuideForHuman_0150	1	7.4481e-01	7.4543e-01	0.999998	0
GPR155	8	7.4610e-01	8.7106e-01	0.999998	2
ZFP3	8	7.4674e-01	8.7134e-01	0.999998	2
NonTargetingControlGuideForHuman_0133	1	7.4734e-01	7.4799e-01	0.999998	0
MT1F	8	7.5130e-01	8.7328e-01	0.999998	2
CSNK1G2	8	7.5138e-01	8.7332e-01	0.999998	1
TIFAB	8	7.5169e-01	8.7346e-01	0.999998	1
PLAUR	8	7.5181e-01	8.7351e-01	0.999998	2
NonTargetingControlGuideForHuman_0099	1	7.5182e-01	7.5233e-01	0.999998	0
PARP15	8	7.5215e-01	8.7371e-01	0.999998	1
UGT1A10	8	7.5565e-01	8.7525e-01	0.999998	1
COMMD3	8	7.5641e-01	8.7556e-01	0.999998	1
NonTargetingControlGuideForHuman_0026	1	7.5714e-01	7.5775e-01	0.999998	0
IER5	8	7.5716e-01	8.7585e-01	0.999998	1
PATL2	8	7.5768e-01	8.7609e-01	0.999998	2
PAX9	8	7.5792e-01	8.7622e-01	0.999998	2
ATP8B4	8	7.5805e-01	8.7628e-01	0.999998	2
ZCCHC2	8	7.5926e-01	8.7680e-01	0.999998	2
ZG16B	8	7.6100e-01	8.7750e-01	0.999998	2
CYP27B1	8	7.6113e-01	8.7755e-01	0.999998	2
MMP13	8	7.6454e-01	8.7904e-01	0.999998	2
VAMP5	8	7.6539e-01	8.7953e-01	0.999998	2
CES1	8	7.6648e-01	8.7995e-01	0.999998	2
HIST2H4A	8	7.6736e-01	8.8033e-01	0.999998	1
NonTargetingControlGuideForHuman_0007	1	7.6915e-01	7.6976e-01	0.999998	0
APOF	8	7.6953e-01	8.8130e-01	0.999998	1
HIST1H4H	8	7.7053e-01	8.8173e-01	0.999998	2
CD47	8	7.7110e-01	8.8197e-01	0.999998	1
SLFN5	8	7.7139e-01	8.8215e-01	0.999998	2
WNT5A	8	7.7153e-01	8.8223e-01	0.999998	2
RUFY4	6	7.7221e-01	8.5713e-01	0.999998	1
SHOX2	8	7.7223e-01	8.8260e-01	0.999998	2
SLIT2	8	7.7235e-01	8.8268e-01	0.999998	2
CCM2L	8	7.7282e-01	8.8294e-01	0.999998	2
IGFBP4	8	7.7294e-01	8.8299e-01	0.999998	2
NonTargetingControlGuideForHuman_0041	1	7.7311e-01	7.7386e-01	0.999998	0
SCAMP5	8	7.7338e-01	8.8325e-01	0.999998	1
AKT3	8	7.7366e-01	8.8337e-01	0.999998	2
PSAT1	8	7.7400e-01	8.8354e-01	0.999998	2
CARD16	8	7.7542e-01	8.8417e-01	0.999998	2
OTOF	8	7.7550e-01	8.8423e-01	0.999998	1
LRRC3	8	7.7578e-01	8.8437e-01	0.999998	2
LAMP5	8	7.7592e-01	8.8444e-01	0.999998	2
TIMP1	8	7.7690e-01	8.8487e-01	0.999998	2
C1S	8	7.7694e-01	8.8488e-01	0.999998	2
CNP	8	7.7857e-01	8.8558e-01	0.999998	2
PARP10	8	7.7982e-01	8.8618e-01	0.999998	2
NonTargetingControlGuideForHuman_0177	1	7.8039e-01	7.8130e-01	0.999998	0
EIF3L	8	7.8352e-01	8.8792e-01	0.999998	1
TMEM177	8	7.8434e-01	8.8834e-01	0.999998	1
GPNMB	8	7.8627e-01	8.8937e-01	0.999998	2
KPNA7	8	7.8717e-01	8.8985e-01	0.999998	2
LGALS3BP	8	7.8763e-01	8.9007e-01	0.999998	2
GBP6	8	7.9063e-01	8.9141e-01	0.999998	1
STX1A	8	7.9111e-01	8.9166e-01	0.999998	2
NonTargetingControlGuideForHuman_0036	1	7.9434e-01	7.9508e-01	0.999998	0
PHF11	8	7.9445e-01	8.9336e-01	0.999998	2
CCNA1	8	7.9470e-01	8.9348e-01	0.999998	1
MSMB	8	7.9632e-01	8.9415e-01	0.999998	2
NonTargetingControlGuideForHuman_0140	1	7.9675e-01	7.9753e-01	0.999998	0
TGM2	7	7.9785e-01	8.8802e-01	0.999998	2
NonTargetingControlGuideForHuman_0179	1	7.9798e-01	7.9879e-01	0.999998	0
A4GALT	8	7.9818e-01	8.9504e-01	0.999998	2
IFIT2	8	7.9882e-01	8.9538e-01	0.999998	2
HPS5	8	7.9883e-01	8.9538e-01	0.999998	2
PDGFA	8	7.9933e-01	8.9562e-01	0.999998	1
PTPRO	8	7.9996e-01	8.9589e-01	0.999998	2
APOC2	8	8.0013e-01	8.9597e-01	0.999998	2
SASS6	8	8.0111e-01	8.9641e-01	0.999998	1
PABPC4	8	8.0249e-01	8.9705e-01	0.999998	2
NonTargetingControlGuideForHuman_0014	1	8.0311e-01	8.0373e-01	0.999998	0
ARMCX3	8	8.0411e-01	8.9780e-01	0.999998	2
CMYA5	8	8.0474e-01	8.9811e-01	0.999998	2
APOD	8	8.0507e-01	8.9828e-01	0.999998	2
C14orf119	8	8.0528e-01	8.9840e-01	0.999998	2
NonTargetingControlGuideForHuman_0001	1	8.0577e-01	8.0639e-01	0.999998	0
NonTargetingControlGuideForHuman_0006	1	8.0694e-01	8.0745e-01	0.999998	0
ZBTB9	8	8.0758e-01	8.9969e-01	0.999998	2
THBS1	8	8.0824e-01	8.9999e-01	0.999998	2
TAS2R3	8	8.1012e-01	9.0091e-01	0.999998	2
NPIP	6	8.1015e-01	8.6986e-01	0.999998	1
NR4A1	7	8.1062e-01	8.9626e-01	0.999998	2
CD38	8	8.1137e-01	9.0152e-01	0.999998	2
FBXO6	8	8.1210e-01	9.0186e-01	0.999998	2
GPBAR1	8	8.1220e-01	9.0192e-01	0.999998	1
KIAA1958	8	8.1364e-01	9.0269e-01	0.999998	1
NonTargetingControlGuideForHuman_0164	1	8.1506e-01	8.1533e-01	0.999998	0
PXDC1	8	8.1529e-01	9.0348e-01	0.999998	2
PDK1	8	8.1542e-01	9.0356e-01	0.999998	1
FAM3C	8	8.1660e-01	9.0420e-01	0.999998	1
OLIG2	8	8.1733e-01	9.0459e-01	0.999998	2
CST6	8	8.1766e-01	9.0476e-01	0.999998	2
BLNK	8	8.1834e-01	9.0507e-01	0.999998	2
CPT1A	8	8.1875e-01	9.0528e-01	0.999998	2
BARD1	8	8.1941e-01	9.0567e-01	0.999998	1
HPSE	8	8.1945e-01	9.0570e-01	0.999998	2
ZBP1	8	8.1975e-01	9.0586e-01	0.999998	2
SLC16A4	8	8.2046e-01	9.0624e-01	0.999998	2
SCGB2A1	8	8.2092e-01	9.0650e-01	0.999998	1
NonTargetingControlGuideForHuman_0183	1	8.2174e-01	8.2182e-01	0.999998	0
LRRN3	8	8.2315e-01	9.0761e-01	0.999998	2
CREBRF	8	8.2502e-01	9.0849e-01	0.999998	2
DNAAF1	8	8.2542e-01	9.0870e-01	0.999998	2
HDX	8	8.2727e-01	9.0967e-01	0.999998	2
CDKN1C	8	8.2757e-01	9.0989e-01	0.999998	2
PSMB11	8	8.2844e-01	9.1040e-01	0.999998	2
MEX3B	8	8.2861e-01	9.1053e-01	0.999998	1
NonTargetingControlGuideForHuman_0146	1	8.2941e-01	8.2940e-01	0.999998	0
ASCC3	8	8.3016e-01	9.1138e-01	0.999998	1
AQP9	8	8.3104e-01	9.1178e-01	0.999998	1
MOV10	8	8.3114e-01	9.1184e-01	0.999998	2
ZNF234	8	8.3158e-01	9.1206e-01	0.999998	1
COPB2	7	8.3198e-01	9.0490e-01	0.999998	1
STX11	8	8.3200e-01	9.1235e-01	0.999998	2
DDX3X	8	8.3419e-01	9.1353e-01	0.999998	2
CCDC50	8	8.3591e-01	9.1443e-01	0.999998	1
RDH16	8	8.3598e-01	9.1445e-01	0.999998	2
OGFR	8	8.3617e-01	9.1457e-01	0.999998	2
KRT2	8	8.3644e-01	9.1477e-01	0.999998	1
DRAP1	8	8.3701e-01	9.1509e-01	0.999998	2
MAFK	8	8.4210e-01	9.1783e-01	0.999998	1
NFKBIA	8	8.4300e-01	9.1836e-01	0.999998	2
TRIP6	8	8.4318e-01	9.1846e-01	0.999998	2
MITF	8	8.4336e-01	9.1854e-01	0.999998	2
HSPH1	8	8.4467e-01	9.1934e-01	0.999998	1
CDHR5	8	8.4518e-01	9.1963e-01	0.999998	1
TNFSF10	8	8.4714e-01	9.2065e-01	0.999998	2
STARD5	8	8.4909e-01	9.2162e-01	0.999998	2
COL1A1	8	8.4909e-01	9.2162e-01	0.999998	1
METTL13	8	8.5087e-01	9.2258e-01	0.999998	1
SNAI1	8	8.5126e-01	9.2278e-01	0.999998	2
AIM2	8	8.5136e-01	9.2283e-01	0.999998	1
ETNK1	8	8.5146e-01	9.2286e-01	0.999998	2
XAF1	8	8.5244e-01	9.2340e-01	0.999998	2
SOCS2	8	8.5285e-01	9.2364e-01	0.999998	2
SEC24D	8	8.5302e-01	9.2374e-01	0.999998	1
NonTargetingControlGuideForHuman_0104	1	8.5375e-01	8.5392e-01	0.999998	0
OSGIN1	8	8.5418e-01	9.2440e-01	0.999998	1
SLC40A1	8	8.5428e-01	9.2448e-01	0.999998	1
IFT81	8	8.5569e-01	9.2529e-01	0.999998	2
HIST2H2AA4	8	8.5586e-01	9.2537e-01	0.999998	2
CCL4L1	6	8.5725e-01	8.8873e-01	0.999998	1
NCAM1	8	8.5855e-01	9.2684e-01	0.999998	1
NonTargetingControlGuideForHuman_0126	1	8.5895e-01	8.5941e-01	0.999998	0
GPR35	8	8.5907e-01	9.2713e-01	0.999998	2
HCN3	8	8.5933e-01	9.2727e-01	0.999998	2
NCOA3	8	8.5949e-01	9.2734e-01	0.999998	2
DCK	8	8.6083e-01	9.2803e-01	0.999998	2
TMPRSS3	8	8.6099e-01	9.2810e-01	0.999998	2
CKS2	8	8.6133e-01	9.2830e-01	0.999998	2
KMO	8	8.6153e-01	9.2847e-01	0.999998	1
PRKAG2	8	8.6182e-01	9.2866e-01	0.999998	2
RAPGEF5	8	8.6190e-01	9.2873e-01	0.999998	1
ZKSCAN4	8	8.6208e-01	9.2878e-01	0.999998	1
INHA	8	8.6232e-01	9.2892e-01	0.999998	2
PDE6H	8	8.6299e-01	9.2938e-01	0.999998	1
PLEK2	8	8.6399e-01	9.2999e-01	0.999998	1
NLRC5	8	8.6469e-01	9.3036e-01	0.999998	2
SEMA6D	8	8.6551e-01	9.3085e-01	0.999998	2
SWT1	8	8.6872e-01	9.3268e-01	0.999998	2
ZNF366	8	8.6873e-01	9.3269e-01	0.999998	1
DCSTAMP	8	8.7054e-01	9.3382e-01	0.999998	2
TXNDC17	8	8.7056e-01	9.3384e-01	0.999998	1
OAS3	8	8.7077e-01	9.3395e-01	0.999998	2
NonTargetingControlGuideForHuman_0139	1	8.7102e-01	8.7143e-01	0.999998	0
PDGFRL	8	8.7280e-01	9.3510e-01	0.999998	1
SLCO3A1	8	8.7416e-01	9.3595e-01	0.999998	1
DNAJB4	8	8.7435e-01	9.3610e-01	0.999998	2
DDX58	8	8.7504e-01	9.3659e-01	0.999998	2
EOMES	8	8.7842e-01	9.3738e-01	0.999998	1
NonTargetingControlGuideForHuman_0018	1	8.7881e-01	8.7921e-01	0.999998	0
KITLG	8	8.8037e-01	9.3781e-01	0.999998	1
TDRD7	8	8.8546e-01	9.3899e-01	0.999998	1
PDGFRB	8	8.8778e-01	9.3955e-01	0.999998	1
BIRC3	8	8.8946e-01	9.3996e-01	0.999998	1
NonTargetingControlGuideForHuman_0050	1	8.8979e-01	8.9050e-01	0.999998	0
NonTargetingControlGuideForHuman_0125	1	8.9076e-01	8.9141e-01	0.999998	0
RNF24	8	8.9399e-01	9.4101e-01	0.999998	1
NR4A2	8	8.9961e-01	9.4233e-01	0.999998	1
RAI14	8	8.9989e-01	9.4242e-01	0.999998	1
ADM2	8	9.0417e-01	9.4349e-01	0.999998	1
TRAFD1	8	9.0570e-01	9.4387e-01	0.999998	1
SPAG6	8	9.0616e-01	9.4397e-01	0.999998	1
GTPBP2	8	9.0648e-01	9.4406e-01	0.999998	1
LGALS9C	8	9.0894e-01	9.4476e-01	0.999998	1
SAMD4A	8	9.1052e-01	9.4522e-01	0.999998	1
IL13RA1	8	9.1300e-01	9.4605e-01	0.999998	1
PPM1E	8	9.1519e-01	9.4669e-01	0.999998	1
ZFYVE27	8	9.1860e-01	9.4779e-01	0.999998	1
NonTargetingControlGuideForHuman_0045	1	9.1874e-01	9.1950e-01	0.999998	0
DUSP2	8	9.1929e-01	9.4797e-01	0.999998	1
TNFRSF25	8	9.1935e-01	9.4798e-01	0.999998	1
C19orf38	8	9.1987e-01	9.4809e-01	0.999998	1
JAK2	8	9.2179e-01	9.4873e-01	0.999998	1
C6orf25	8	9.2234e-01	9.4891e-01	0.999998	1
ZNF704	8	9.2475e-01	9.4970e-01	0.999998	1
TRIM68	8	9.2551e-01	9.4998e-01	0.999998	1
SLC12A8	8	9.2657e-01	9.5041e-01	0.999998	1
SOD2	8	9.2983e-01	9.5154e-01	0.999998	1
IER2	8	9.3119e-01	9.5198e-01	0.999998	1
HS3ST3B1	8	9.3346e-01	9.5282e-01	0.999998	1
MAOA	8	9.3365e-01	9.5290e-01	0.999998	1
NRARP	8	9.3385e-01	9.5298e-01	0.999998	1
ZNF696	8	9.3399e-01	9.5304e-01	0.999998	1
CD226	8	9.3413e-01	9.5311e-01	0.999998	1
SPIN4	8	9.3580e-01	9.5371e-01	0.999998	1
APOBEC3A_B	5	9.3735e-01	9.3760e-01	0.999998	0
ANGPTL6	8	9.3897e-01	9.5512e-01	0.999998	1
NonTargetingControlGuideForHuman_0138	1	9.3907e-01	9.3924e-01	0.999998	0
MMP7	8	9.3919e-01	9.5519e-01	0.999998	1
IGSF1	8	9.4123e-01	9.5597e-01	0.999998	1
PPP2R2A	8	9.4188e-01	9.5625e-01	0.999998	1
RTCB	7	9.4252e-01	9.4690e-01	0.999998	1
UGT1A5	8	9.4358e-01	9.5690e-01	0.999998	1
NonTargetingControlGuideForHuman_0152	1	9.4374e-01	9.4383e-01	0.999998	0
PHF23	8	9.4445e-01	9.5722e-01	0.999998	1
C1QA	8	9.4486e-01	9.5738e-01	0.999998	1
NonTargetingControlGuideForHuman_0149	1	9.4718e-01	9.4744e-01	0.999998	0
VMO1	8	9.4764e-01	9.5860e-01	0.999998	1
TRIB3	8	9.4850e-01	9.5902e-01	0.999998	1
ESR2	8	9.4946e-01	9.5958e-01	0.999998	1
ZNF229	8	9.4961e-01	9.5966e-01	0.999998	1
IL36RN	8	9.4973e-01	9.5970e-01	0.999998	1
TRIM6	8	9.4999e-01	9.5979e-01	0.999998	1
AOC2	8	9.5052e-01	9.6004e-01	0.999998	1
ETV3	8	9.5156e-01	9.6053e-01	0.999998	1
EBI3	8	9.5232e-01	9.6089e-01	0.999998	1
KIAA1279	8	9.5315e-01	9.6130e-01	0.999998	1
C19orf66	8	9.5322e-01	9.6132e-01	0.999998	1
C17orf67	8	9.5494e-01	9.6222e-01	0.999998	1
ITPRIPL2	8	9.5535e-01	9.6248e-01	0.999998	1
CAPN2	8	9.5660e-01	9.6320e-01	0.999998	1
CPNE7	8	9.5726e-01	9.6357e-01	0.999998	1
TMEM62	8	9.5992e-01	9.6492e-01	0.999998	1
FCGR1B	8	9.6225e-01	9.6633e-01	0.999998	1
ZBTB21	8	9.6240e-01	9.6645e-01	0.999998	1
LRRC3B	8	9.6325e-01	9.6694e-01	0.999998	1
NCR3LG1	8	9.6410e-01	9.6751e-01	0.999998	1
NonTargetingControlGuideForHuman_0021	1	9.6452e-01	9.6494e-01	0.999998	0
NPC2	8	9.6522e-01	9.6829e-01	0.999998	1
TCF7L2	8	9.6557e-01	9.6849e-01	0.999998	1
NPTX1	8	9.6571e-01	9.6855e-01	0.999998	1
NonTargetingControlGuideForHuman_0132	1	9.6614e-01	9.6651e-01	0.999998	0
CTCFL	7	9.6699e-01	9.6631e-01	0.999998	0
ANKRD33B	8	9.6938e-01	9.7101e-01	0.999998	1
STAT3	8	9.6977e-01	9.7128e-01	0.999998	1
TTC7B	8	9.6989e-01	9.7135e-01	0.999998	1
C2orf66	8	9.6994e-01	9.7136e-01	0.999998	1
LPAR1	8	9.7097e-01	9.7210e-01	0.999998	1
RNF34	8	9.7106e-01	9.7215e-01	0.999998	1
CD300E	8	9.7232e-01	9.7315e-01	0.999998	1
IGSF3	8	9.7306e-01	9.7378e-01	0.999998	1
UGT1A7	8	9.7323e-01	9.7391e-01	0.999998	1
CTSL1	8	9.7365e-01	9.7430e-01	0.999998	1
FBXO39	8	9.7371e-01	9.7435e-01	0.999998	1
GADD45B	8	9.7412e-01	9.7467e-01	0.999998	1
ACSM5	8	9.7605e-01	9.7621e-01	0.999998	1
NDC80	8	9.7667e-01	9.7672e-01	0.999998	1
RRBP1	8	9.7669e-01	9.7673e-01	0.999998	1
ZNF239	8	9.7721e-01	9.7723e-01	0.999998	1
SWAP70	8	9.7732e-01	9.7736e-01	0.999998	1
KREMEN2	8	9.7800e-01	9.7799e-01	0.999998	1
RNF19B	8	9.7865e-01	9.7858e-01	0.999998	1
ITIH2	8	9.7886e-01	9.7880e-01	0.999998	1
C9orf91	8	9.7999e-01	9.7997e-01	0.999998	0
SIAH3	8	9.8009e-01	9.8006e-01	0.999998	0
CYP4F22	8	9.8110e-01	9.8104e-01	0.999998	0
XRN1	8	9.8113e-01	9.8106e-01	0.999998	0
FPR1	8	9.8131e-01	9.8116e-01	0.999998	0
CXCR6	8	9.8150e-01	9.8142e-01	0.999998	0
H3F3C	8	9.8286e-01	9.8276e-01	0.999998	0
NonTargetingControlGuideForHuman_0169	1	9.8439e-01	9.8472e-01	0.999998	0
ZFYVE26	8	9.8531e-01	9.8522e-01	0.999998	0
RPL41	6	9.8571e-01	9.8552e-01	0.999998	0
LSS	8	9.8583e-01	9.8576e-01	0.999998	0
MRM1	8	9.8587e-01	9.8578e-01	0.999998	0
HES1	8	9.8623e-01	9.8609e-01	0.999998	0
ASPHD2	8	9.8649e-01	9.8633e-01	0.999998	0
CPEB3	8	9.8658e-01	9.8642e-01	0.999998	0
CD109	8	9.8678e-01	9.8665e-01	0.999998	0
ZSCAN20	8	9.8712e-01	9.8702e-01	0.999998	0
REC8	8	9.8722e-01	9.8708e-01	0.999998	0
OLR1	8	9.8801e-01	9.8802e-01	0.999998	0
HSD3B7	8	9.8845e-01	9.8841e-01	0.999998	0
NonTargetingControlGuideForHuman_0124	1	9.9023e-01	9.9049e-01	0.999998	0
PLCB3	8	9.9029e-01	9.9027e-01	0.999998	0
ZNF879	8	9.9039e-01	9.9037e-01	0.999998	0
TBC1D17	8	9.9091e-01	9.9084e-01	0.999998	0
LIFR	8	9.9100e-01	9.9092e-01	0.999998	0
ISG15	8	9.9113e-01	9.9103e-01	0.999998	0
SMCHD1	8	9.9129e-01	9.9121e-01	0.999998	0
AGRN	8	9.9169e-01	9.9161e-01	0.999998	0
SMN2	8	9.9197e-01	9.9192e-01	0.999998	0
ZNF501	8	9.9263e-01	9.9266e-01	0.999998	0
CD163	7	9.9291e-01	9.9275e-01	0.999998	0
DNAH12	8	9.9316e-01	9.9318e-01	0.999998	0
CBWD5	8	9.9319e-01	9.9319e-01	0.999998	0
CACNA1A	8	9.9325e-01	9.9325e-01	0.999998	0
PLSCR2	8	9.9432e-01	9.9439e-01	0.999998	0
ESR1	8	9.9450e-01	9.9458e-01	0.999998	0
NIPAL4	8	9.9503e-01	9.9510e-01	0.999998	0
ADAMDEC1	8	9.9555e-01	9.9555e-01	0.999998	0
TRIM31	8	9.9626e-01	9.9623e-01	0.999998	0
AEN	8	9.9634e-01	9.9631e-01	0.999998	0
ZNF175	8	9.9681e-01	9.9679e-01	0.999998	0
MED12	8	9.9701e-01	9.9698e-01	0.999998	0
MYOF	8	9.9709e-01	9.9705e-01	0.999998	0
KAT2B	8	9.9726e-01	9.9725e-01	0.999998	0
MIDN	8	9.9757e-01	9.9758e-01	0.999998	0
MT1H	8	9.9761e-01	9.9759e-01	0.999998	0
HAMP	8	9.9822e-01	9.9816e-01	0.999998	0
CABP4	8	9.9842e-01	9.9833e-01	0.999998	0
ATP13A3	8	9.9854e-01	9.9848e-01	0.999998	0
PGAP1	8	9.9908e-01	9.9909e-01	0.999998	0
ZNF780A	8	9.9912e-01	9.9914e-01	0.999998	0
PIR	8	9.9924e-01	9.9925e-01	0.999998	0
HRH1	8	9.9930e-01	9.9931e-01	0.999998	0
GPC2	8	9.9937e-01	9.9939e-01	0.999998	0
GUCY1A3	8	9.9945e-01	9.9944e-01	0.999998	0
IARS	8	9.9969e-01	9.9967e-01	0.999998	0
CTSL	7	1.0000e+00	1.0000e+00	0.999998	0
