group_id	items_in_group	lo_value	p	FDR	goodsgrna
CTSL	7	6.9781e-14	2.3518e-06	0.004950	7
USP18	8	3.2330e-06	1.6462e-05	0.008663	7
CTSL1	8	3.5121e-06	1.6462e-05	0.008663	6
COMMD3	8	3.5654e-06	1.6462e-05	0.008663	5
ISG15	8	8.5649e-06	4.9387e-05	0.020792	7
PLSCR2	8	8.9101e-05	5.9030e-04	0.183168	3
GBP6	8	9.2220e-05	6.0911e-04	0.183168	5
MED12	8	1.1616e-04	7.5962e-04	0.199876	7
RRBP1	8	1.7173e-04	1.0889e-03	0.231188	7
GALNT2	8	1.7321e-04	1.0983e-03	0.231188	4
LPAR1	8	2.1851e-04	1.3993e-03	0.267777	7
PSMB9	8	2.5968e-04	1.6627e-03	0.291667	4
IARS	8	3.0694e-04	1.9825e-03	0.302640	8
CABP4	8	3.2123e-04	2.1001e-03	0.302640	7
ASPHD2	8	3.2948e-04	2.1566e-03	0.302640	7
SDS	8	3.6258e-04	2.3635e-03	0.309552	6
SLC23A3	8	3.8548e-04	2.4999e-03	0.309552	7
BCL3	8	4.4550e-04	2.9186e-03	0.341309	7
LAG3	8	7.4680e-04	4.5084e-03	0.499479	6
LDHAL6A	8	8.5371e-04	5.0775e-03	0.534406	6
SCARB2	8	9.8593e-04	5.7971e-03	0.581094	6
ZNF239	8	1.1115e-03	6.3992e-03	0.612286	6
TBX3	8	1.4939e-03	8.3606e-03	0.713031	5
HAMP	8	1.5146e-03	8.4923e-03	0.713031	7
GPC2	8	1.5349e-03	8.6381e-03	0.713031	7
TDRD7	8	1.7221e-03	9.5177e-03	0.713031	6
ZNF175	8	1.7301e-03	9.5553e-03	0.713031	7
CCDC50	8	1.8026e-03	9.9739e-03	0.713031	6
SERPING1	8	1.8914e-03	1.0416e-02	0.713031	6
GUCY1A3	8	1.9079e-03	1.0501e-02	0.713031	7
TNFRSF10A	8	2.0487e-03	1.1300e-02	0.743348	6
ABL2	8	2.2101e-03	1.2053e-02	0.752621	4
ZFYVE26	8	2.2388e-03	1.2156e-02	0.752621	7
C1QC	8	2.6976e-03	1.4466e-02	0.858773	7
ZNF205	8	2.7423e-03	1.4687e-02	0.858773	6
GPNMB	8	2.9591e-03	1.5820e-02	0.864306	4
DUSP5	8	2.9873e-03	1.6013e-02	0.864306	5
CCDC109B	8	3.3712e-03	1.8017e-02	0.897174	1
SNX24	8	3.4708e-03	1.8450e-02	0.897174	5
ZNF780A	8	3.5224e-03	1.8628e-02	0.897174	7
REC8	8	3.5267e-03	1.8643e-02	0.897174	7
CAPN2	8	3.6005e-03	1.8981e-02	0.897174	7
ZNF540	8	3.7625e-03	1.9790e-02	0.897174	5
TRIM22	8	3.8344e-03	2.0157e-02	0.897174	4
AIM1	8	3.8457e-03	2.0242e-02	0.897174	5
C10orf12	8	3.8890e-03	2.0458e-02	0.897174	3
ST3GAL5	8	4.1880e-03	2.1855e-02	0.936139	7
ZNF583	8	4.2734e-03	2.2236e-02	0.936139	5
FPR1	8	4.4867e-03	2.3299e-02	0.948928	6
ZNF221	8	4.6804e-03	2.4146e-02	0.948928	3
HRH1	8	4.8307e-03	2.4884e-02	0.948928	7
PARP11	8	4.8699e-03	2.5096e-02	0.948928	6
FAM46C	8	4.9238e-03	2.5373e-02	0.948928	3
PGAP1	8	5.1109e-03	2.6192e-02	0.948928	7
SQLE	8	5.1521e-03	2.6370e-02	0.948928	7
OGFR	8	5.3238e-03	2.7081e-02	0.948928	4
ERAP2	8	5.3712e-03	2.7330e-02	0.948928	4
TOR1B	8	5.4408e-03	2.7683e-02	0.948928	3
COPB2	7	5.7137e-03	2.5985e-02	0.948928	6
KRT2	8	5.8065e-03	2.9423e-02	0.948928	5
SMIM15	8	5.9577e-03	3.0124e-02	0.948928	3
ZNF701	8	5.9798e-03	3.0204e-02	0.948928	5
CHAC1	8	6.1407e-03	3.0792e-02	0.948928	4
NPR1	8	6.3198e-03	3.1427e-02	0.948928	6
CXCL11	8	6.4743e-03	3.1954e-02	0.948928	4
NPC2	8	6.7264e-03	3.2847e-02	0.948928	3
CRLF2	8	6.8324e-03	3.3224e-02	0.948928	6
ABLIM3	8	6.9129e-03	3.3543e-02	0.948928	6
TEAD1	8	6.9906e-03	3.3812e-02	0.948928	4
MB21D2	8	6.9929e-03	3.3816e-02	0.948928	4
XRN1	8	7.1028e-03	3.4169e-02	0.948928	5
NCAM1	8	7.1509e-03	3.4390e-02	0.948928	6
MS4A4A	8	7.1748e-03	3.4512e-02	0.948928	4
RASL10A	8	7.2640e-03	3.4809e-02	0.948928	6
SLC16A4	8	7.4087e-03	3.5326e-02	0.948928	6
EGR2	8	7.7083e-03	3.6422e-02	0.957157	4
YAP1	8	7.8189e-03	3.6831e-02	0.957157	6
TMEM41B	8	8.0799e-03	3.7791e-02	0.962140	6
ZNF225	8	8.2806e-03	3.8600e-02	0.962140	3
IFI30	8	8.4517e-03	3.9254e-02	0.962140	6
DHRS9	8	8.5148e-03	3.9442e-02	0.962140	5
RGAG4	8	8.5382e-03	3.9536e-02	0.962140	2
SECTM1	8	8.6025e-03	3.9771e-02	0.962140	5
MKX	8	8.7178e-03	4.0222e-02	0.962140	5
ANK3	8	8.9319e-03	4.0933e-02	0.968128	5
CLDN11	8	9.0954e-03	4.1516e-02	0.971012	3
BCAS4	8	9.3348e-03	4.2367e-02	0.974597	6
TMEM54	8	9.5688e-03	4.3162e-02	0.974597	4
NonTargetingControlGuideForHuman_0124	1	9.7715e-03	9.5412e-03	0.713031	1
PIR	8	9.8027e-03	4.3887e-02	0.974597	6
IL4I1	8	9.9543e-03	4.4432e-02	0.974597	4
NKAIN1	8	1.0046e-02	4.4804e-02	0.974597	5
S1PR3	8	1.0523e-02	4.6601e-02	0.974597	4
TRANK1	8	1.0584e-02	4.6817e-02	0.974597	3
KLK9	8	1.0598e-02	4.6916e-02	0.974597	2
CD109	8	1.0603e-02	4.6944e-02	0.974597	5
FITM1	8	1.1046e-02	4.8440e-02	0.974597	5
NDC80	8	1.1047e-02	4.8444e-02	0.974597	6
MIDN	8	1.1079e-02	4.8543e-02	0.974597	5
SPTA1	8	1.1113e-02	4.8727e-02	0.974597	2
GPR180	8	1.1220e-02	4.9103e-02	0.974597	5
ZNF366	8	1.1337e-02	4.9536e-02	0.974597	5
FAR1	8	1.1627e-02	5.0490e-02	0.974597	3
DNAAF1	8	1.1898e-02	5.1412e-02	0.974597	5
MMP13	8	1.2023e-02	5.1850e-02	0.974597	6
ZNF501	8	1.2239e-02	5.2602e-02	0.974597	4
SAMHD1	8	1.2411e-02	5.3289e-02	0.974597	6
PSMB11	8	1.2452e-02	5.3435e-02	0.974597	6
STX11	8	1.2682e-02	5.4239e-02	0.974597	5
IGSF3	8	1.2734e-02	5.4502e-02	0.974597	6
PMAIP1	8	1.3025e-02	5.5580e-02	0.974597	5
SLC16A1	8	1.3060e-02	5.5721e-02	0.974597	5
GPBAR1	8	1.3344e-02	5.6718e-02	0.974597	6
PPIF	8	1.3682e-02	5.7964e-02	0.974597	5
BRCA2	8	1.4027e-02	5.9357e-02	0.974597	6
KRTAP16-1	8	1.4113e-02	5.9653e-02	0.974597	4
JUN	8	1.4124e-02	5.9686e-02	0.974597	4
CCND1	8	1.4195e-02	5.9959e-02	0.974597	3
SGPP2	8	1.4262e-02	6.0198e-02	0.974597	3
MYOF	8	1.4432e-02	6.0754e-02	0.974597	6
ASCC3	8	1.4458e-02	6.0824e-02	0.974597	5
CD47	8	1.4572e-02	6.1186e-02	0.974597	6
AHRR	8	1.4601e-02	6.1294e-02	0.974597	5
ZBTB21	8	1.4708e-02	6.1633e-02	0.974597	5
APOF	8	1.4744e-02	6.1779e-02	0.974597	6
FAP	8	1.4788e-02	6.1944e-02	0.974597	4
JAK2	8	1.5050e-02	6.2828e-02	0.974597	6
ZFHX2	8	1.5068e-02	6.2903e-02	0.974597	3
VMP1	8	1.5210e-02	6.3275e-02	0.974597	4
WARS	8	1.5220e-02	6.3308e-02	0.974597	4
SLC43A2	8	1.5261e-02	6.3430e-02	0.974597	5
RND3	8	1.5508e-02	6.4295e-02	0.977143	5
ATP7A	8	1.5608e-02	6.4662e-02	0.977143	5
NonTargetingControlGuideForHuman_0169	1	1.5615e-02	1.5501e-02	0.864306	1
GBP2	8	1.5733e-02	6.5128e-02	0.977143	2
CBWD5	8	1.5815e-02	6.5452e-02	0.977143	5
SLC1A1	8	1.6022e-02	6.6120e-02	0.980163	5
SERPINE1	8	1.6442e-02	6.7672e-02	0.985286	5
RALGDS	8	1.6757e-02	6.8712e-02	0.985286	3
FCGR1B	8	1.7268e-02	7.0480e-02	0.985286	4
PRDM16	8	1.7423e-02	7.1003e-02	0.985286	6
TIMP1	8	1.7514e-02	7.1318e-02	0.985286	4
GLI3	8	1.7626e-02	7.1656e-02	0.985286	3
BLNK	8	1.7993e-02	7.2992e-02	0.985286	6
IL1R2	8	1.8120e-02	7.3463e-02	0.985286	5
RALA	8	1.8196e-02	7.3712e-02	0.985286	5
CXCL2	8	1.8291e-02	7.4008e-02	0.985286	2
WNT5A	8	1.8308e-02	7.4065e-02	0.985286	5
ARG2	8	1.8802e-02	7.5814e-02	0.985286	2
UBE2S	8	1.9313e-02	7.7489e-02	0.985286	5
TLR3	8	1.9413e-02	7.7832e-02	0.985286	6
NFKBIA	8	1.9433e-02	7.7884e-02	0.985286	6
ZFYVE16	8	1.9600e-02	7.8439e-02	0.985286	5
AQP9	8	2.0094e-02	8.0024e-02	0.985286	6
PDE4B	8	2.0207e-02	8.0461e-02	0.985286	3
ITPRIPL2	8	2.0334e-02	8.0875e-02	0.985286	2
TRIM68	8	2.0350e-02	8.0918e-02	0.985286	5
GRIN3A	8	2.0443e-02	8.1195e-02	0.985286	4
RBM43	8	2.0488e-02	8.1317e-02	0.985286	5
PMM2	8	2.0770e-02	8.2277e-02	0.985286	3
AKAP12	8	2.0772e-02	8.2282e-02	0.985286	6
HCN3	8	2.0918e-02	8.2705e-02	0.985286	6
IL6	8	2.1024e-02	8.3072e-02	0.985286	4
SPTBN4	8	2.1353e-02	8.4154e-02	0.985286	4
CD226	8	2.1584e-02	8.4897e-02	0.985286	4
MAFK	8	2.1633e-02	8.5109e-02	0.985286	6
C14orf119	8	2.1684e-02	8.5301e-02	0.985286	5
GPR126	8	2.1863e-02	8.5828e-02	0.985286	3
FOSL2	8	2.1876e-02	8.5861e-02	0.985286	6
CCDC39	8	2.2222e-02	8.6966e-02	0.985286	5
HIST1H1E	8	2.2372e-02	8.7394e-02	0.985286	3
TRIP6	8	2.2489e-02	8.7818e-02	0.985286	6
IDO1	8	2.2563e-02	8.8058e-02	0.985286	4
ZNF257	8	2.2639e-02	8.8269e-02	0.985286	5
PRG4	8	2.2667e-02	8.8387e-02	0.985286	5
NPIP	6	2.3059e-02	8.1586e-02	0.985286	4
CRY1	8	2.3206e-02	9.0240e-02	0.985286	3
PVRL2	8	2.3441e-02	9.1115e-02	0.985286	4
ENDOD1	8	2.3483e-02	9.1247e-02	0.985286	2
NAB2	8	2.3576e-02	9.1595e-02	0.985286	5
ITIH4	8	2.3760e-02	9.2286e-02	0.985286	5
NTNG2	8	2.3950e-02	9.2968e-02	0.985286	2
TLR1	8	2.4043e-02	9.3302e-02	0.985286	5
IL1RN	8	2.4114e-02	9.3504e-02	0.985286	5
NRN1	8	2.4169e-02	9.3693e-02	0.985286	5
TBC1D17	8	2.4171e-02	9.3702e-02	0.985286	6
ZNF229	8	2.4195e-02	9.3777e-02	0.985286	6
DNAJB4	8	2.4241e-02	9.3928e-02	0.985286	6
ARHGEF26	8	2.4382e-02	9.4309e-02	0.985286	5
GATA2	8	2.4407e-02	9.4379e-02	0.985286	2
ZNF616	8	2.4500e-02	9.4647e-02	0.985286	5
FAM3C	8	2.4512e-02	9.4680e-02	0.985286	5
ACE	8	2.4583e-02	9.4920e-02	0.985286	5
H1F0	8	2.4916e-02	9.6185e-02	0.985286	2
MAVS	8	2.5180e-02	9.6962e-02	0.985286	4
CACNA1A	8	2.5256e-02	9.7173e-02	0.985286	4
PARP15	8	2.5507e-02	9.8081e-02	0.985286	6
AHNAK2	8	2.5514e-02	9.8100e-02	0.985286	6
TRADD	8	2.5604e-02	9.8387e-02	0.985286	6
EPAS1	8	2.5660e-02	9.8612e-02	0.985286	4
DDX58	8	2.5743e-02	9.8805e-02	0.985286	5
PLIN2	8	2.5899e-02	9.9280e-02	0.985286	6
LRRC3	8	2.5931e-02	9.9389e-02	0.985286	5
JUNB	8	2.6022e-02	9.9647e-02	0.985286	6
DDX3X	8	2.6378e-02	1.0087e-01	0.985286	5
ARHGAP25	8	2.6529e-02	1.0139e-01	0.985286	4
GPR15	8	2.6799e-02	1.0230e-01	0.985286	3
APOL4	8	2.6946e-02	1.0283e-01	0.985286	3
IFIT2	8	2.6974e-02	1.0291e-01	0.985286	6
HDX	8	2.7229e-02	1.0377e-01	0.985286	6
RAPGEF5	8	2.7537e-02	1.0464e-01	0.985286	6
HSD11B1	8	2.7960e-02	1.0589e-01	0.985286	3
BIRC3	8	2.8085e-02	1.0627e-01	0.985286	5
FBXO6	8	2.8238e-02	1.0671e-01	0.985286	5
HK2	8	2.8423e-02	1.0730e-01	0.985286	5
TREM2	8	2.8466e-02	1.0746e-01	0.985286	4
TNFSF8	8	2.8690e-02	1.0821e-01	0.985286	4
CPT1B	8	2.8825e-02	1.0858e-01	0.985286	3
IL27	8	2.8849e-02	1.0867e-01	0.985286	4
SNAI1	8	2.8856e-02	1.0870e-01	0.985286	5
TRIM38	8	2.8926e-02	1.0897e-01	0.985286	4
SP100	8	2.8960e-02	1.0911e-01	0.985286	4
SLC45A2	8	2.8973e-02	1.0914e-01	0.985286	4
ZNF704	8	2.9119e-02	1.0969e-01	0.985286	5
GBP1	8	2.9232e-02	1.0999e-01	0.985286	5
RAB27A	8	2.9435e-02	1.1063e-01	0.985286	4
CCL5	8	2.9443e-02	1.1066e-01	0.985286	6
DDO	8	2.9985e-02	1.1237e-01	0.985286	3
C10orf10	8	3.0596e-02	1.1437e-01	0.985286	5
HIST2H2AA4	8	3.0636e-02	1.1450e-01	0.985286	4
ITGA11	8	3.0673e-02	1.1461e-01	0.985286	4
ZNF234	8	3.0769e-02	1.1491e-01	0.985286	5
LIPA	8	3.0996e-02	1.1558e-01	0.985286	5
AEN	8	3.1101e-02	1.1591e-01	0.985286	5
GBP3	8	3.1300e-02	1.1651e-01	0.985286	2
IFNGR1	7	3.1311e-02	1.0705e-01	0.985286	3
IL1R1	8	3.1493e-02	1.1715e-01	0.985286	5
DDX60	8	3.1721e-02	1.1794e-01	0.985286	3
IL17RB	8	3.2006e-02	1.1882e-01	0.985286	4
CHORDC1	8	3.2077e-02	1.1901e-01	0.985286	4
PDGFA	8	3.2341e-02	1.1983e-01	0.985286	6
FASLG	8	3.2380e-02	1.1995e-01	0.985286	4
CCDC113	8	3.2511e-02	1.2044e-01	0.985286	5
KAT2B	8	3.2516e-02	1.2047e-01	0.985286	6
ENPP1	8	3.2624e-02	1.2084e-01	0.985286	4
PKDCC	8	3.2835e-02	1.2159e-01	0.985286	5
SUN2	8	3.3015e-02	1.2214e-01	0.985286	2
MNDA	8	3.3343e-02	1.2320e-01	0.985286	6
C12orf74	8	3.3390e-02	1.2336e-01	0.985286	4
SKIDA1	8	3.3422e-02	1.2345e-01	0.985286	5
NFKB2	8	3.3433e-02	1.2348e-01	0.985286	4
WNT1	8	3.3519e-02	1.2376e-01	0.985286	4
NonTargetingControlGuideForHuman_0132	1	3.3859e-02	3.3948e-02	0.948928	1
IL12RB1	8	3.3870e-02	1.2482e-01	0.985286	4
KIAA1211L	8	3.3907e-02	1.2494e-01	0.985286	4
CCDC87	8	3.3943e-02	1.2506e-01	0.985286	5
HRASLS2	8	3.4064e-02	1.2550e-01	0.985286	6
TUBB1	8	3.4293e-02	1.2621e-01	0.985286	4
AKT1S1	8	3.4781e-02	1.2777e-01	0.985286	4
STX1A	8	3.4828e-02	1.2787e-01	0.985286	6
TRAFD1	8	3.4982e-02	1.2837e-01	0.985286	6
SLC2A5	8	3.5003e-02	1.2846e-01	0.985286	5
CCDC181	8	3.5031e-02	1.2853e-01	0.985286	4
MYO5C	8	3.5171e-02	1.2896e-01	0.985286	2
ANO7P1	8	3.5480e-02	1.2999e-01	0.985286	6
NonTargetingControlGuideForHuman_0021	1	3.5482e-02	3.5613e-02	0.948928	1
GAREM	8	3.5534e-02	1.3021e-01	0.985286	4
THBS1	8	3.5612e-02	1.3041e-01	0.985286	3
SLC35A2	8	3.5706e-02	1.3068e-01	0.985286	4
CLDND1	8	3.5976e-02	1.3146e-01	0.985286	5
TMEM62	8	3.6299e-02	1.3252e-01	0.985286	6
RHOF	8	3.6390e-02	1.3277e-01	0.985286	3
CLDN23	8	3.6415e-02	1.3287e-01	0.985286	5
ARRDC3	8	3.6753e-02	1.3401e-01	0.985286	4
TRIM31	8	3.6820e-02	1.3421e-01	0.985286	5
KEAP1	8	3.6898e-02	1.3441e-01	0.985286	4
IRF1	8	3.7027e-02	1.3479e-01	0.985286	5
RAB42	8	3.7043e-02	1.3483e-01	0.985286	4
PAK3	8	3.7165e-02	1.3521e-01	0.985286	5
TNK2	8	3.7288e-02	1.3562e-01	0.985286	2
ATL3	8	3.7545e-02	1.3644e-01	0.985286	5
ISG20	8	3.7627e-02	1.3662e-01	0.985286	2
IFRD1	8	3.8047e-02	1.3768e-01	0.985286	2
ALYREF	8	3.8472e-02	1.3869e-01	0.985286	5
KDR	8	3.8549e-02	1.3886e-01	0.985286	4
SCN5A	8	3.8606e-02	1.3901e-01	0.985286	4
KIR2DL4	8	3.9051e-02	1.4003e-01	0.985286	3
PTGFRN	8	3.9507e-02	1.4095e-01	0.985286	5
CD163	7	3.9779e-02	1.3034e-01	0.985286	5
NFS1	8	3.9862e-02	1.4174e-01	0.985286	5
TNIP3	8	3.9873e-02	1.4178e-01	0.985286	5
PRR16	8	4.0054e-02	1.4213e-01	0.985286	4
PLA2G4C	8	4.0555e-02	1.4323e-01	0.985286	4
SCGB2A1	8	4.0566e-02	1.4327e-01	0.985286	5
PSMB8	8	4.0603e-02	1.4335e-01	0.985286	5
CCL13	8	4.1056e-02	1.4448e-01	0.985286	1
FOSB	8	4.1320e-02	1.4520e-01	0.985286	3
SNX18	8	4.1556e-02	1.4578e-01	0.985286	1
PUS1	8	4.1594e-02	1.4584e-01	0.985286	5
KITLG	8	4.1743e-02	1.4616e-01	0.985286	4
ZNF285	8	4.1792e-02	1.4623e-01	0.985286	3
CARD16	8	4.2557e-02	1.4795e-01	0.985286	3
FABP5	8	4.3057e-02	1.4906e-01	0.985286	2
BRIP1	8	4.3142e-02	1.4923e-01	0.985286	4
SMN2	8	4.3445e-02	1.4993e-01	0.985286	5
ATF5	8	4.3699e-02	1.5057e-01	0.985286	5
KPNB1	8	4.3750e-02	1.5066e-01	0.985286	5
KPTN	8	4.3989e-02	1.5116e-01	0.985286	5
ZNF436	8	4.4015e-02	1.5120e-01	0.985286	4
MS4A6A	8	4.4056e-02	1.5132e-01	0.985286	2
ITIH2	8	4.4084e-02	1.5141e-01	0.985286	5
SLC16A3	8	4.4157e-02	1.5156e-01	0.985286	5
PMP22	8	4.4199e-02	1.5165e-01	0.985286	5
COL1A1	8	4.4504e-02	1.5245e-01	0.985376	3
EXOSC9	8	4.4555e-02	1.5260e-01	0.985376	1
GRB10	8	4.5001e-02	1.5370e-01	0.986004	5
PLSCR4	8	4.5214e-02	1.5417e-01	0.986004	5
ESR2	8	4.5299e-02	1.5436e-01	0.986004	5
SASS6	8	4.5396e-02	1.5458e-01	0.986004	5
RNF19B	8	4.6029e-02	1.5600e-01	0.989339	5
BBS10	8	4.6051e-02	1.5604e-01	0.989339	1
IL6ST	8	4.6349e-02	1.5668e-01	0.990441	4
OLFML3	8	4.6550e-02	1.5717e-01	0.990558	2
RABAC1	8	4.7359e-02	1.5905e-01	0.991029	3
ZNFX1	8	4.7469e-02	1.5929e-01	0.991029	5
XAF1	8	4.7546e-02	1.5945e-01	0.991029	4
EMP1	8	4.7614e-02	1.5959e-01	0.991029	3
FMNL2	8	4.7988e-02	1.6049e-01	0.991029	3
IL3RA	8	4.8043e-02	1.6064e-01	0.991029	2
WDR64	6	4.8500e-02	1.4500e-01	0.985286	4
SCAMP5	8	4.8541e-02	1.6174e-01	0.991029	4
HSPA1L	8	4.8601e-02	1.6186e-01	0.991029	3
HRASLS5	8	4.8759e-02	1.6232e-01	0.991029	4
ETV6	8	4.8822e-02	1.6241e-01	0.991029	4
FPR2	8	4.9038e-02	1.6287e-01	0.991029	3
RNF24	8	4.9044e-02	1.6290e-01	0.991029	4
ZNF322	8	4.9306e-02	1.6349e-01	0.991797	4
PELI1	8	4.9535e-02	1.6407e-01	0.992049	2
POLN	8	5.0002e-02	1.6505e-01	0.992049	4
42798	8	5.0032e-02	1.6512e-01	0.992049	2
LOC388813	8	5.0356e-02	1.6594e-01	0.992049	5
SLC35E4	8	5.1024e-02	1.6742e-01	0.992049	4
DCK	8	5.1148e-02	1.6773e-01	0.992049	3
GNRH1	8	5.1214e-02	1.6787e-01	0.992049	4
APOBEC3C	8	5.1520e-02	1.6861e-01	0.992049	3
ST3GAL6	8	5.1661e-02	1.6889e-01	0.992049	5
PKD2L1	8	5.1790e-02	1.6912e-01	0.992049	5
B3GALT2	8	5.1985e-02	1.6953e-01	0.992049	4
FUCA1	8	5.2434e-02	1.7050e-01	0.992049	3
UBQLNL	8	5.2440e-02	1.7051e-01	0.992049	4
CES1	8	5.2563e-02	1.7074e-01	0.992049	4
CYP4F22	8	5.2693e-02	1.7108e-01	0.992049	4
NonTargetingControlGuideForHuman_0149	1	5.2818e-02	5.3275e-02	0.974597	1
CCND2	8	5.3082e-02	1.7201e-01	0.992426	3
PDCD4	8	5.3993e-02	1.7397e-01	0.992426	4
MARVELD2	8	5.3997e-02	1.7398e-01	0.992426	4
ANKRD33B	8	5.4258e-02	1.7454e-01	0.992426	5
SIRPA	8	5.4386e-02	1.7487e-01	0.992426	3
C19orf38	8	5.4911e-02	1.7612e-01	0.992426	4
TAS2R14	8	5.4937e-02	1.7617e-01	0.992426	5
ADAR	8	5.4986e-02	1.7631e-01	0.992426	4
PDCD1LG2	8	5.5074e-02	1.7651e-01	0.992426	3
GPR84	8	5.5468e-02	1.7743e-01	0.992426	3
MLKL	8	5.5480e-02	1.7744e-01	0.992426	3
SRBD1	8	5.5622e-02	1.7776e-01	0.992426	5
FAM20A	8	5.5974e-02	1.7857e-01	0.992426	4
NonTargetingControlGuideForHuman_0152	1	5.6259e-02	5.6572e-02	0.974597	1
MEX3B	8	5.6263e-02	1.7930e-01	0.992426	5
CX3CL1	8	5.6341e-02	1.7949e-01	0.992426	4
PKP2	8	5.6468e-02	1.7977e-01	0.992426	3
PNPT1	8	5.6646e-02	1.8013e-01	0.992426	4
ANXA10	8	5.6765e-02	1.8041e-01	0.992426	5
NCS1	8	5.6962e-02	1.8080e-01	0.992426	3
SLC2A14	8	5.7220e-02	1.8142e-01	0.992426	3
LRP12	8	5.7258e-02	1.8151e-01	0.992426	5
ASCL2	8	5.7948e-02	1.8299e-01	0.997910	3
HSPA1A	8	5.8457e-02	1.8396e-01	0.998784	5
NPIP8	8	5.8825e-02	1.8486e-01	0.998784	5
PRDM11	8	5.9246e-02	1.8591e-01	0.998784	4
DPYSL3	8	5.9426e-02	1.8630e-01	0.998784	2
DPYS	8	5.9492e-02	1.8641e-01	0.998784	4
FGD2	8	5.9623e-02	1.8672e-01	0.998784	4
TRAF1	8	5.9870e-02	1.8734e-01	0.998784	4
CENPP	8	5.9918e-02	1.8742e-01	0.998784	1
TM2D2	8	6.0814e-02	1.8940e-01	0.999998	4
NonTargetingControlGuideForHuman_0138	1	6.0934e-02	6.1318e-02	0.974597	1
VAMP5	8	6.1309e-02	1.9062e-01	0.999998	4
NAIP	8	6.1393e-02	1.9082e-01	0.999998	5
ZNF618	8	6.1393e-02	1.9082e-01	0.999998	3
PXDC1	8	6.1834e-02	1.9163e-01	0.999998	5
SLC28A2	8	6.1885e-02	1.9172e-01	0.999998	3
SCIN	8	6.1911e-02	1.9177e-01	0.999998	2
IGSF1	8	6.2463e-02	1.9296e-01	0.999998	4
FAM90A1	8	6.2867e-02	1.9385e-01	0.999998	3
UNC93B1	8	6.3357e-02	1.9489e-01	0.999998	3
ZBED1	8	6.3579e-02	1.9533e-01	0.999998	4
SERINC2	8	6.4239e-02	1.9687e-01	0.999998	5
SUCNR1	8	6.4781e-02	1.9803e-01	0.999998	5
ZNF696	8	6.5074e-02	1.9863e-01	0.999998	5
PPP2R2A	8	6.5951e-02	2.0051e-01	0.999998	5
FNDC4	8	6.6206e-02	2.0103e-01	0.999998	5
BTN3A3	8	6.6785e-02	2.0232e-01	0.999998	2
IFIT1B	8	6.7274e-02	2.0335e-01	0.999998	4
PLEK2	8	6.7632e-02	2.0409e-01	0.999998	3
OLIG2	8	6.8070e-02	2.0503e-01	0.999998	5
TXNRD1	8	6.8109e-02	2.0512e-01	0.999998	4
FEZ1	8	6.8310e-02	2.0553e-01	0.999998	4
ATL1	8	6.8362e-02	2.0562e-01	0.999998	2
MYO1G	8	6.8599e-02	2.0618e-01	0.999998	3
SPP1	8	6.8739e-02	2.0654e-01	0.999998	2
PRICKLE1	8	6.8864e-02	2.0688e-01	0.999998	3
PPM1K	8	6.9227e-02	2.0784e-01	0.999998	3
S100A2	8	6.9715e-02	2.0889e-01	0.999998	1
LIPM	8	6.9929e-02	2.0945e-01	0.999998	3
IER2	8	6.9997e-02	2.0965e-01	0.999998	4
IGFBP4	8	7.0083e-02	2.0985e-01	0.999998	4
SLCO3A1	8	7.0204e-02	2.1015e-01	0.999998	5
SPTLC2	8	7.0228e-02	2.1019e-01	0.999998	2
KYNU	8	7.0644e-02	2.1114e-01	0.999998	4
ARMC9	8	7.0913e-02	2.1177e-01	0.999998	4
SOCS2	8	7.1003e-02	2.1194e-01	0.999998	3
ESR1	8	7.1633e-02	2.1345e-01	0.999998	4
ZKSCAN4	8	7.1847e-02	2.1397e-01	0.999998	5
TM4SF19	8	7.1966e-02	2.1416e-01	0.999998	3
PHC3	8	7.1994e-02	2.1423e-01	0.999998	3
PSME1	8	7.2111e-02	2.1449e-01	0.999998	4
HOMER2	8	7.2266e-02	2.1484e-01	0.999998	3
ZBTB46	8	7.2349e-02	2.1497e-01	0.999998	5
LSS	8	7.2995e-02	2.1648e-01	0.999998	5
CD40	8	7.3122e-02	2.1681e-01	0.999998	2
SLC38A5	8	7.3865e-02	2.1840e-01	0.999998	4
RAD9A	8	7.3882e-02	2.1845e-01	0.999998	5
ACOT13	8	7.4094e-02	2.1887e-01	0.999998	2
C22orf42	8	7.4160e-02	2.1902e-01	0.999998	3
PNRC1	8	7.4454e-02	2.1974e-01	0.999998	5
DCUN1D3	8	7.4923e-02	2.2061e-01	0.999998	4
ARID5A	8	7.5065e-02	2.2090e-01	0.999998	4
HSPH1	8	7.5277e-02	2.2141e-01	0.999998	5
HIST1H2BD	8	7.5633e-02	2.2227e-01	0.999998	4
TAS2R4	8	7.6035e-02	2.2318e-01	0.999998	3
SHOX2	8	7.6519e-02	2.2425e-01	0.999998	2
RGL1	8	7.6526e-02	2.2426e-01	0.999998	3
CYP27B1	8	7.6561e-02	2.2434e-01	0.999998	4
SWAP70	8	7.6951e-02	2.2510e-01	0.999998	5
KCNH4	8	7.7004e-02	2.2522e-01	0.999998	2
PAX8	8	7.7056e-02	2.2534e-01	0.999998	3
FZD5	8	7.7208e-02	2.2567e-01	0.999998	5
AKT3	8	7.8876e-02	2.2919e-01	0.999998	4
ANXA2R	8	7.9042e-02	2.2952e-01	0.999998	5
HTR1D	8	7.9224e-02	2.2979e-01	0.999998	3
LOC100506388	8	7.9422e-02	2.3027e-01	0.999998	3
WIPF1	8	7.9602e-02	2.3064e-01	0.999998	5
MITF	8	7.9604e-02	2.3065e-01	0.999998	4
IGF2BP2	8	7.9671e-02	2.3080e-01	0.999998	4
OAS3	8	7.9727e-02	2.3093e-01	0.999998	5
SLIT2	8	7.9905e-02	2.3132e-01	0.999998	4
ARNTL	8	8.0102e-02	2.3183e-01	0.999998	5
SLC41A2	8	8.0195e-02	2.3202e-01	0.999998	4
TRNT1	8	8.0750e-02	2.3323e-01	0.999998	3
KLK10	8	8.0855e-02	2.3342e-01	0.999998	5
MAP1LC3C	8	8.0942e-02	2.3364e-01	0.999998	4
AIM2	8	8.1134e-02	2.3412e-01	0.999998	5
ARG1	8	8.1231e-02	2.3432e-01	0.999998	4
NonTargetingControlGuideForHuman_0045	1	8.1256e-02	8.2079e-02	0.985286	1
ELAVL4	8	8.1353e-02	2.3455e-01	0.999998	2
ADAM28	8	8.1379e-02	2.3461e-01	0.999998	4
RASGEF1B	8	8.1528e-02	2.3498e-01	0.999998	4
IMPA2	8	8.1677e-02	2.3533e-01	0.999998	5
ANKRD66	8	8.2185e-02	2.3646e-01	0.999998	5
TAP2	8	8.2317e-02	2.3673e-01	0.999998	3
IL15RA	8	8.2402e-02	2.3690e-01	0.999998	4
GEMIN5	8	8.2798e-02	2.3784e-01	0.999998	2
CCL4L1	6	8.2882e-02	2.1452e-01	0.999998	2
DPCD	8	8.2951e-02	2.3815e-01	0.999998	5
DRAP1	8	8.2969e-02	2.3821e-01	0.999998	3
FGL2	8	8.3249e-02	2.3874e-01	0.999998	5
CASZ1	8	8.3280e-02	2.3878e-01	0.999998	4
PI4K2B	8	8.3473e-02	2.3921e-01	0.999998	2
KIR3DL3	8	8.3657e-02	2.3967e-01	0.999998	5
PLAC8	8	8.4156e-02	2.4067e-01	0.999998	4
GCLM	8	8.4242e-02	2.4085e-01	0.999998	3
EOMES	8	8.4459e-02	2.4138e-01	0.999998	5
SCG3	8	8.4703e-02	2.4187e-01	0.999998	4
C17orf67	8	8.4723e-02	2.4191e-01	0.999998	3
IKBKE	8	8.5068e-02	2.4266e-01	0.999998	4
KMO	8	8.5373e-02	2.4331e-01	0.999998	5
UBD	8	8.5603e-02	2.4380e-01	0.999998	4
KCTD11	8	8.5832e-02	2.4431e-01	0.999998	4
IFITM1	8	8.6164e-02	2.4500e-01	0.999998	2
ABCA6	8	8.7141e-02	2.4720e-01	0.999998	5
GEN1	8	8.7491e-02	2.4787e-01	0.999998	3
EXOC4	8	8.7696e-02	2.4839e-01	0.999998	4
ACSL4	8	8.8082e-02	2.4922e-01	0.999998	2
EMR1	8	8.8562e-02	2.5011e-01	0.999998	5
TNFAIP8L3	8	8.8584e-02	2.5017e-01	0.999998	4
SNX5	8	8.9368e-02	2.5183e-01	0.999998	3
ITGAV	8	8.9501e-02	2.5208e-01	0.999998	4
P2RY14	8	8.9852e-02	2.5290e-01	0.999998	5
NFKBID	8	9.0257e-02	2.5368e-01	0.999998	5
PDGFRL	8	9.0325e-02	2.5383e-01	0.999998	5
UST	8	9.0475e-02	2.5411e-01	0.999998	2
BARD1	8	9.1431e-02	2.5591e-01	0.999998	4
SERTAD1	8	9.1548e-02	2.5614e-01	0.999998	5
42982	7	9.1771e-02	2.4765e-01	0.999998	4
MET	8	9.1890e-02	2.5689e-01	0.999998	5
GTPBP2	8	9.2331e-02	2.5776e-01	0.999998	5
IFI27	8	9.2507e-02	2.5808e-01	0.999998	5
SPAG6	8	9.2713e-02	2.5844e-01	0.999998	5
FOS	8	9.2731e-02	2.5847e-01	0.999998	4
EBI3	8	9.2755e-02	2.5857e-01	0.999998	5
PPP1R10	8	9.3195e-02	2.5950e-01	0.999998	5
LRRC32	8	9.3340e-02	2.5986e-01	0.999998	4
MT2A	8	9.3695e-02	2.6065e-01	0.999998	4
ZNF772	8	9.4018e-02	2.6133e-01	0.999998	4
ZBTB42	8	9.4341e-02	2.6198e-01	0.999998	4
MT1F	8	9.4652e-02	2.6259e-01	0.999998	5
RBKS	8	9.4769e-02	2.6281e-01	0.999998	1
IFI16	8	9.4791e-02	2.6285e-01	0.999998	5
LILRB3	8	9.4909e-02	2.6315e-01	0.999998	4
PLAU	8	9.4921e-02	2.6319e-01	0.999998	3
NCOA7	8	9.5649e-02	2.6467e-01	0.999998	4
DNAH12	8	9.5721e-02	2.6484e-01	0.999998	5
NRL	8	9.6196e-02	2.6578e-01	0.999998	2
FCRL4	8	9.6687e-02	2.6676e-01	0.999998	5
CXCL12	8	9.6828e-02	2.6706e-01	0.999998	5
JRKL	8	9.7489e-02	2.6848e-01	0.999998	3
SEMA4G	8	9.8298e-02	2.7009e-01	0.999998	4
OSGIN1	8	9.8571e-02	2.7059e-01	0.999998	2
MC5R	8	9.8686e-02	2.7088e-01	0.999998	4
STAT3	8	9.9252e-02	2.7212e-01	0.999998	5
C11orf68	8	9.9325e-02	2.7229e-01	0.999998	4
PLK2	8	9.9519e-02	2.7272e-01	0.999998	4
HLA-DQA1	8	1.0008e-01	2.7395e-01	0.999998	3
MMP7	8	1.0019e-01	2.7417e-01	0.999998	5
UBA6	8	1.0047e-01	2.7474e-01	0.999998	2
DAGLA	8	1.0052e-01	2.7485e-01	0.999998	5
SLFN5	8	1.0070e-01	2.7520e-01	0.999998	5
CXCL9	8	1.0094e-01	2.7577e-01	0.999998	2
HS3ST3B1	8	1.0128e-01	2.7643e-01	0.999998	4
CDHR5	8	1.0164e-01	2.7721e-01	0.999998	5
MYC	8	1.0212e-01	2.7822e-01	0.999998	4
SEC22B	8	1.0221e-01	2.7840e-01	0.999998	4
FAM71A	8	1.0236e-01	2.7869e-01	0.999998	4
LILRA5	8	1.0237e-01	2.7872e-01	0.999998	5
SHISA5	8	1.0242e-01	2.7882e-01	0.999998	3
AXL	8	1.0254e-01	2.7902e-01	0.999998	3
BTBD19	6	1.0282e-01	2.5317e-01	0.999998	4
GNG4	8	1.0283e-01	2.7957e-01	0.999998	2
HES2	8	1.0336e-01	2.8080e-01	0.999998	4
OPTN	8	1.0365e-01	2.8142e-01	0.999998	4
ARNT2	8	1.0369e-01	2.8149e-01	0.999998	4
PSAT1	8	1.0377e-01	2.8163e-01	0.999998	5
PAX9	8	1.0382e-01	2.8173e-01	0.999998	5
EMP2	8	1.0384e-01	2.8177e-01	0.999998	5
MAP3K14	8	1.0385e-01	2.8179e-01	0.999998	3
BCAR3	8	1.0451e-01	2.8310e-01	0.999998	5
TMEM173	8	1.0519e-01	2.8437e-01	0.999998	2
ENG	8	1.0523e-01	2.8445e-01	0.999998	3
HIST2H2BE	8	1.0534e-01	2.8469e-01	0.999998	3
IDO2	6	1.0604e-01	2.5911e-01	0.999998	4
TMEM229B	8	1.0613e-01	2.8618e-01	0.999998	4
H3F3C	8	1.0623e-01	2.8637e-01	0.999998	4
HIST1H2BC	8	1.0640e-01	2.8669e-01	0.999998	4
FILIP1L	8	1.0660e-01	2.8706e-01	0.999998	3
FAM3B	8	1.0665e-01	2.8714e-01	0.999998	3
B2M	8	1.0707e-01	2.8800e-01	0.999998	3
OPRM1	8	1.0715e-01	2.8823e-01	0.999998	4
ATP13A3	8	1.0781e-01	2.8946e-01	0.999998	5
SAMD4A	8	1.0823e-01	2.9040e-01	0.999998	5
SFT2D2	8	1.0830e-01	2.9055e-01	0.999998	4
FAM26F	8	1.0884e-01	2.9159e-01	0.999998	4
NonTargetingControlGuideForHuman_0125	1	1.0924e-01	1.1022e-01	0.985286	1
RNASE6	8	1.0925e-01	2.9246e-01	0.999998	5
ZNF835	8	1.0934e-01	2.9265e-01	0.999998	3
C3	8	1.0956e-01	2.9309e-01	0.999998	5
SPATS2L	8	1.0972e-01	2.9347e-01	0.999998	5
DCDC2B	8	1.0989e-01	2.9379e-01	0.999998	3
NonTargetingControlGuideForHuman_0050	1	1.1021e-01	1.1109e-01	0.985286	1
LIN37	8	1.1036e-01	2.9469e-01	0.999998	3
YBX3	8	1.1063e-01	2.9524e-01	0.999998	4
MB21D1	8	1.1085e-01	2.9569e-01	0.999998	3
42795	8	1.1097e-01	2.9586e-01	0.999998	4
HIVEP1	8	1.1102e-01	2.9598e-01	0.999998	4
NUB1	8	1.1123e-01	2.9642e-01	0.999998	4
A4GALT	8	1.1130e-01	2.9659e-01	0.999998	3
SYTL2	8	1.1158e-01	2.9716e-01	0.999998	5
CYTH1	8	1.1177e-01	2.9757e-01	0.999998	2
APOBEC3H	8	1.1223e-01	2.9843e-01	0.999998	3
CACNA1G	8	1.1287e-01	2.9967e-01	0.999998	3
HIST2H4A	8	1.1311e-01	3.0018e-01	0.999998	5
PPM1E	8	1.1355e-01	3.0105e-01	0.999998	4
C2orf66	8	1.1364e-01	3.0123e-01	0.999998	1
PSMB10	8	1.1382e-01	3.0161e-01	0.999998	5
IL9R	8	1.1445e-01	3.0296e-01	0.999998	4
KIAA0226	8	1.1457e-01	3.0317e-01	0.999998	4
C17orf97	8	1.1460e-01	3.0323e-01	0.999998	5
YJEFN3	8	1.1481e-01	3.0361e-01	0.999998	5
CSNK1G2	8	1.1490e-01	3.0376e-01	0.999998	4
KIAA1279	8	1.1507e-01	3.0408e-01	0.999998	5
ESPL1	8	1.1508e-01	3.0410e-01	0.999998	3
FAM19A2	8	1.1576e-01	3.0530e-01	0.999998	4
ERLIN1	8	1.1597e-01	3.0576e-01	0.999998	2
IFITM5	8	1.1644e-01	3.0653e-01	0.999998	4
MAP3K8	8	1.1690e-01	3.0750e-01	0.999998	3
TKTL1	8	1.1730e-01	3.0827e-01	0.999998	3
SCN4B	8	1.1737e-01	3.0840e-01	0.999998	2
RAPH1	8	1.1793e-01	3.0949e-01	0.999998	5
LPXN	8	1.1822e-01	3.1007e-01	0.999998	5
PXK	8	1.1849e-01	3.1061e-01	0.999998	5
HIC1	8	1.1865e-01	3.1094e-01	0.999998	5
CRYBB3	8	1.1953e-01	3.1259e-01	0.999998	3
DSP	8	1.1961e-01	3.1280e-01	0.999998	5
PHLDA2	8	1.1992e-01	3.1350e-01	0.999998	4
NTRK1	8	1.2002e-01	3.1366e-01	0.999998	4
ADAMDEC1	8	1.2018e-01	3.1402e-01	0.999998	5
C1orf61	8	1.2029e-01	3.1427e-01	0.999998	4
CBWD2	8	1.2091e-01	3.1540e-01	0.999998	5
ETV3	8	1.2115e-01	3.1587e-01	0.999998	5
NonTargetingControlGuideForHuman_0018	1	1.2119e-01	1.2179e-01	0.985286	1
ID1	8	1.2122e-01	3.1597e-01	0.999998	4
AIDA	8	1.2150e-01	3.1648e-01	0.999998	4
CD3EAP	8	1.2169e-01	3.1685e-01	0.999998	4
ESM1	8	1.2294e-01	3.1931e-01	0.999998	2
IL10	8	1.2328e-01	3.1996e-01	0.999998	4
HOMEZ	8	1.2337e-01	3.2014e-01	0.999998	4
LHX2	8	1.2377e-01	3.2094e-01	0.999998	5
APOBEC3F	8	1.2387e-01	3.2110e-01	0.999998	2
ZFP37	8	1.2410e-01	3.2163e-01	0.999998	5
NBN	8	1.2433e-01	3.2207e-01	0.999998	3
VEGFC	8	1.2461e-01	3.2256e-01	0.999998	3
SAT1	8	1.2479e-01	3.2294e-01	0.999998	3
TINAGL1	8	1.2497e-01	3.2328e-01	0.999998	4
PRKAG2	8	1.2545e-01	3.2413e-01	0.999998	4
CHRNA10	8	1.2551e-01	3.2425e-01	0.999998	5
SEC24D	8	1.2554e-01	3.2430e-01	0.999998	4
FAS	8	1.2567e-01	3.2458e-01	0.999998	4
SULF2	8	1.2573e-01	3.2470e-01	0.999998	4
BTN3A1	8	1.2601e-01	3.2533e-01	0.999998	5
STEAP4	8	1.2618e-01	3.2558e-01	0.999998	2
PADI2	8	1.2651e-01	3.2625e-01	0.999998	5
TPRA1	8	1.2664e-01	3.2650e-01	0.999998	4
NEURL3	8	1.2710e-01	3.2745e-01	0.999998	3
PLCB3	8	1.2726e-01	3.2778e-01	0.999998	5
CASP7	8	1.2745e-01	3.2809e-01	0.999998	4
MTHFD2L	8	1.2756e-01	3.2829e-01	0.999998	4
IL8	8	1.2760e-01	3.2835e-01	0.999998	5
KIAA1217	8	1.2783e-01	3.2878e-01	0.999998	4
TCF7L2	8	1.2802e-01	3.2914e-01	0.999998	5
RDH16	8	1.2827e-01	3.2963e-01	0.999998	5
TREX1	8	1.2841e-01	3.2987e-01	0.999998	3
SEMA4D	8	1.2848e-01	3.3001e-01	0.999998	3
SPATC1	8	1.2886e-01	3.3077e-01	0.999998	5
NonTargetingControlGuideForHuman_0139	1	1.2898e-01	1.2959e-01	0.985286	1
HIP1	8	1.2912e-01	3.3128e-01	0.999998	5
SRC	8	1.2954e-01	3.3195e-01	0.999998	5
RIMBP3	8	1.3033e-01	3.3365e-01	0.999998	4
GALM	8	1.3047e-01	3.3385e-01	0.999998	5
BAG1	8	1.3088e-01	3.3464e-01	0.999998	4
PDK1	8	1.3124e-01	3.3529e-01	0.999998	3
CCNA1	8	1.3141e-01	3.3557e-01	0.999998	4
PHF11	8	1.3194e-01	3.3655e-01	0.999998	3
GOSR1	8	1.3201e-01	3.3668e-01	0.999998	5
DLL1	8	1.3216e-01	3.3696e-01	0.999998	4
ADAMTS14	8	1.3230e-01	3.3717e-01	0.999998	3
STRIP2	8	1.3252e-01	3.3761e-01	0.999998	5
KBTBD8	8	1.3262e-01	3.3781e-01	0.999998	2
TGM1	8	1.3283e-01	3.3822e-01	0.999998	3
ZNF543	8	1.3286e-01	3.3828e-01	0.999998	4
XDH	8	1.3330e-01	3.3915e-01	0.999998	5
ANGPTL1	8	1.3354e-01	3.3957e-01	0.999998	3
CAMSAP2	8	1.3472e-01	3.4191e-01	0.999998	4
TXNDC17	8	1.3486e-01	3.4218e-01	0.999998	5
OAS1	8	1.3503e-01	3.4246e-01	0.999998	5
IL36RN	8	1.3531e-01	3.4295e-01	0.999998	4
OTOF	8	1.3537e-01	3.4305e-01	0.999998	4
KCNJ10	8	1.3628e-01	3.4476e-01	0.999998	2
GPR35	8	1.3711e-01	3.4622e-01	0.999998	3
SLC7A11	8	1.3719e-01	3.4634e-01	0.999998	4
EFR3A	8	1.3784e-01	3.4760e-01	0.999998	3
TGM2	7	1.3808e-01	3.2403e-01	0.999998	3
GLIPR2	8	1.3856e-01	3.4895e-01	0.999998	4
GK	8	1.3897e-01	3.4974e-01	0.999998	5
TNIK	8	1.3915e-01	3.5009e-01	0.999998	5
PARP10	8	1.3933e-01	3.5046e-01	0.999998	5
MRC2	8	1.3944e-01	3.5067e-01	0.999998	4
GSDMD	8	1.3948e-01	3.5075e-01	0.999998	2
CLECL1	8	1.3993e-01	3.5149e-01	0.999998	2
HES4	8	1.4030e-01	3.5225e-01	0.999998	5
NUP160	8	1.4039e-01	3.5242e-01	0.999998	1
NonTargetingControlGuideForHuman_0126	1	1.4105e-01	1.4174e-01	0.985286	1
CSF2RA	8	1.4119e-01	3.5389e-01	0.999998	5
HLA-A	8	1.4130e-01	3.5405e-01	0.999998	2
RPL41	6	1.4183e-01	3.2474e-01	0.999998	2
SLC24A3	8	1.4242e-01	3.5560e-01	0.999998	3
MSR1	8	1.4269e-01	3.5593e-01	0.999998	3
ZNF485	8	1.4305e-01	3.5634e-01	0.999998	3
CASP5	8	1.4357e-01	3.5705e-01	0.999998	1
GIMAP1-GIMAP5	8	1.4392e-01	3.5753e-01	0.999998	4
FOXC1	8	1.4432e-01	3.5822e-01	0.999998	3
MMACHC	8	1.4447e-01	3.5845e-01	0.999998	2
CACNA1I	8	1.4493e-01	3.5905e-01	0.999998	1
PPFIA4	8	1.4505e-01	3.5923e-01	0.999998	3
C1orf122	8	1.4536e-01	3.5961e-01	0.999998	4
MOXD1	8	1.4583e-01	3.6019e-01	0.999998	3
NonTargetingControlGuideForHuman_0104	1	1.4625e-01	1.4694e-01	0.985286	1
TDRD6	8	1.4674e-01	3.6141e-01	0.999998	2
TMEM63A	8	1.4764e-01	3.6263e-01	0.999998	4
CEBPB	8	1.4795e-01	3.6310e-01	0.999998	3
SMAD3	8	1.4899e-01	3.6445e-01	0.999998	2
VEGFA	8	1.4998e-01	3.6571e-01	0.999998	4
C12orf55	6	1.5002e-01	3.3925e-01	0.999998	3
AP1S3	8	1.5035e-01	3.6628e-01	0.999998	4
KCTD19	8	1.5080e-01	3.6685e-01	0.999998	3
IL18	8	1.5090e-01	3.6699e-01	0.999998	3
CDCA4	8	1.5101e-01	3.6718e-01	0.999998	3
RARRES3	8	1.5108e-01	3.6727e-01	0.999998	3
NPM3	8	1.5145e-01	3.6774e-01	0.999998	3
ATF3	8	1.5170e-01	3.6804e-01	0.999998	3
PARP14	8	1.5178e-01	3.6816e-01	0.999998	4
CCM2L	8	1.5240e-01	3.6902e-01	0.999998	4
LGALS3BP	8	1.5356e-01	3.7050e-01	0.999998	4
TNFAIP3	8	1.5394e-01	3.7102e-01	0.999998	4
ME1	8	1.5459e-01	3.7190e-01	0.999998	3
FLT1	8	1.5496e-01	3.7242e-01	0.999998	3
ZSWIM3	8	1.5551e-01	3.7313e-01	0.999998	4
SYT17	8	1.5576e-01	3.7348e-01	0.999998	4
NLRC5	8	1.5588e-01	3.7364e-01	0.999998	4
PABPC4	8	1.5602e-01	3.7385e-01	0.999998	3
ABCG2	8	1.5607e-01	3.7392e-01	0.999998	3
GAK	8	1.5654e-01	3.7457e-01	0.999998	3
DKK3	8	1.5681e-01	3.7487e-01	0.999998	4
RBM25	8	1.5700e-01	3.7513e-01	0.999998	2
CXorf21	8	1.5753e-01	3.7584e-01	0.999998	3
TMEM106A	8	1.5758e-01	3.7589e-01	0.999998	3
MOV10	8	1.5810e-01	3.7650e-01	0.999998	3
EREG	8	1.5812e-01	3.7653e-01	0.999998	4
APOBEC3A	7	1.5828e-01	3.5622e-01	0.999998	2
C1S	8	1.5842e-01	3.7694e-01	0.999998	4
SEC14L2	8	1.5862e-01	3.7720e-01	0.999998	3
ANKRD22	8	1.5887e-01	3.7755e-01	0.999998	3
ZNF2	8	1.5927e-01	3.7812e-01	0.999998	3
IFNLR1	8	1.5941e-01	3.7831e-01	0.999998	3
IER5L	8	1.6091e-01	3.8029e-01	0.999998	3
FAM129A	8	1.6109e-01	3.8052e-01	0.999998	3
HPSE	8	1.6199e-01	3.8165e-01	0.999998	4
NIPAL4	8	1.6203e-01	3.8170e-01	0.999998	4
ULK4	8	1.6241e-01	3.8216e-01	0.999998	3
PLEKHA4	8	1.6288e-01	3.8283e-01	0.999998	2
LRRC2	8	1.6347e-01	3.8368e-01	0.999998	3
SCO2	8	1.6372e-01	3.8407e-01	0.999998	4
NOD2	8	1.6373e-01	3.8408e-01	0.999998	4
LILRB4	8	1.6390e-01	3.8431e-01	0.999998	2
METTL13	8	1.6409e-01	3.8458e-01	0.999998	4
SYNM	8	1.6519e-01	3.8600e-01	0.999998	4
ACVR2A	8	1.6554e-01	3.8647e-01	0.999998	4
IL18BP	8	1.6598e-01	3.8711e-01	0.999998	2
CPT1A	8	1.6601e-01	3.8714e-01	0.999998	4
TRPC3	8	1.6731e-01	3.8893e-01	0.999998	4
CLU	8	1.6775e-01	3.8957e-01	0.999998	2
DUSP19	8	1.6824e-01	3.9024e-01	0.999998	3
SRGAP2P2	8	1.6842e-01	3.9045e-01	0.999998	3
CABLES1	8	1.6851e-01	3.9058e-01	0.999998	4
VMO1	8	1.6864e-01	3.9075e-01	0.999998	4
NXPH4	8	1.6952e-01	3.9189e-01	0.999998	4
C1QA	8	1.6953e-01	3.9191e-01	0.999998	4
KIAA0895L	8	1.6955e-01	3.9193e-01	0.999998	4
TRIM25	8	1.6974e-01	3.9218e-01	0.999998	4
NonTargetingControlGuideForHuman_0146	1	1.7059e-01	1.7084e-01	0.992049	1
ADPRM	8	1.7145e-01	3.9442e-01	0.999998	2
UBE2QL1	8	1.7182e-01	3.9492e-01	0.999998	3
SEMA6D	8	1.7199e-01	3.9518e-01	0.999998	4
PLEKHH1	8	1.7226e-01	3.9550e-01	0.999998	3
NCF1	8	1.7253e-01	3.9591e-01	0.999998	4
GBP4	8	1.7432e-01	3.9834e-01	0.999998	4
FAM135B	8	1.7448e-01	3.9856e-01	0.999998	2
IRF2	8	1.7568e-01	4.0010e-01	0.999998	3
KIF14	8	1.7582e-01	4.0029e-01	0.999998	3
ZC3HAV1	8	1.7632e-01	4.0090e-01	0.999998	4
CNN1	8	1.7656e-01	4.0119e-01	0.999998	2
SYN1	8	1.7700e-01	4.0180e-01	0.999998	3
MS4A7	8	1.7781e-01	4.0289e-01	0.999998	4
NonTargetingControlGuideForHuman_0183	1	1.7826e-01	1.7850e-01	0.992426	1
OR5K2	8	1.7830e-01	4.0354e-01	0.999998	4
TMEM110	8	1.7945e-01	4.0495e-01	0.999998	3
HLA-DRA	8	1.7959e-01	4.0509e-01	0.999998	3
MGLL	8	1.7962e-01	4.0513e-01	0.999998	3
NQO1	8	1.8093e-01	4.0672e-01	0.999998	2
IFIT1	8	1.8164e-01	4.0772e-01	0.999998	4
CLEC4E	8	1.8167e-01	4.0776e-01	0.999998	4
NFXL1	8	1.8224e-01	4.0853e-01	0.999998	2
ZNF879	8	1.8236e-01	4.0872e-01	0.999998	4
GNMT	8	1.8271e-01	4.0910e-01	0.999998	3
EHF	8	1.8311e-01	4.0964e-01	0.999998	3
TNFRSF4	8	1.8354e-01	4.1022e-01	0.999998	2
CD80	8	1.8357e-01	4.1026e-01	0.999998	4
ADM2	8	1.8398e-01	4.1085e-01	0.999998	4
CATSPERD	8	1.8406e-01	4.1099e-01	0.999998	3
HELB	8	1.8485e-01	4.1202e-01	0.999998	4
NonTargetingControlGuideForHuman_0164	1	1.8494e-01	1.8463e-01	0.998784	1
ZNF816	8	1.8528e-01	4.1260e-01	0.999998	3
GMPR	8	1.8564e-01	4.1303e-01	0.999998	3
CA2	8	1.8569e-01	4.1310e-01	0.999998	4
RBM11	8	1.8615e-01	4.1369e-01	0.999998	2
SCLT1	8	1.8618e-01	4.1373e-01	0.999998	4
PEAK1	8	1.8717e-01	4.1500e-01	0.999998	4
EGR1	8	1.8754e-01	4.1550e-01	0.999998	4
SP110	8	1.8788e-01	4.1597e-01	0.999998	3
MAPK8IP2	8	1.8836e-01	4.1651e-01	0.999998	4
WDR5B	8	1.8842e-01	4.1657e-01	0.999998	4
GEM	8	1.8875e-01	4.1701e-01	0.999998	4
TTC39B	8	1.9037e-01	4.1914e-01	0.999998	4
LAMP3	8	1.9048e-01	4.1927e-01	0.999998	3
DDX3Y	8	1.9083e-01	4.1971e-01	0.999998	3
ZNF829	8	1.9091e-01	4.1979e-01	0.999998	3
IL7R	8	1.9134e-01	4.2039e-01	0.999998	2
CBR1	8	1.9160e-01	4.2073e-01	0.999998	4
NonTargetingControlGuideForHuman_0006	1	1.9306e-01	1.9282e-01	0.999998	1
CR1L	8	1.9335e-01	4.2292e-01	0.999998	4
YPEL4	8	1.9355e-01	4.2316e-01	0.999998	3
HR	8	1.9392e-01	4.2372e-01	0.999998	1
IER3	8	1.9394e-01	4.2374e-01	0.999998	4
NonTargetingControlGuideForHuman_0001	1	1.9423e-01	1.9394e-01	0.999998	1
BCL2L14	8	1.9435e-01	4.2428e-01	0.999998	3
PTMA	8	1.9478e-01	4.2479e-01	0.999998	1
SOS1	8	1.9486e-01	4.2490e-01	0.999998	3
MGAT5B	8	1.9504e-01	4.2516e-01	0.999998	4
RNF213	8	1.9521e-01	4.2536e-01	0.999998	3
P2RY1	8	1.9550e-01	4.2571e-01	0.999998	4
FST	8	1.9575e-01	4.2609e-01	0.999998	4
PHF23	8	1.9657e-01	4.2728e-01	0.999998	4
NonTargetingControlGuideForHuman_0014	1	1.9689e-01	1.9657e-01	0.999998	1
C5orf20	8	1.9693e-01	4.2768e-01	0.999998	2
NPAS2	8	1.9725e-01	4.2813e-01	0.999998	3
RASL10B	8	1.9736e-01	4.2831e-01	0.999998	2
C1GALT1	8	1.9811e-01	4.2939e-01	0.999998	3
GPR157	8	1.9911e-01	4.3063e-01	0.999998	3
LIMS1	8	1.9939e-01	4.3101e-01	0.999998	3
IRGM	8	1.9968e-01	4.3137e-01	0.999998	4
MMP2	8	2.0038e-01	4.3218e-01	0.999998	4
RNF34	8	2.0098e-01	4.3295e-01	0.999998	4
MAP6	8	2.0163e-01	4.3375e-01	0.999998	2
NonTargetingControlGuideForHuman_0179	1	2.0202e-01	2.0168e-01	0.999998	1
IFI44	8	2.0249e-01	4.3479e-01	0.999998	2
NonTargetingControlGuideForHuman_0140	1	2.0325e-01	2.0298e-01	0.999998	1
KIFC3	8	2.0376e-01	4.3630e-01	0.999998	2
PVRIG	8	2.0462e-01	4.3729e-01	0.999998	3
CNGA1	8	2.0510e-01	4.3785e-01	0.999998	3
NonTargetingControlGuideForHuman_0036	1	2.0566e-01	2.0543e-01	0.999998	1
ARMCX3	8	2.0668e-01	4.3981e-01	0.999998	4
KLHDC7B	8	2.0674e-01	4.3988e-01	0.999998	2
TMEM186	8	2.0716e-01	4.4038e-01	0.999998	2
GRASP	8	2.0759e-01	4.4090e-01	0.999998	3
ZNF594	8	2.0783e-01	4.4117e-01	0.999998	3
ZSCAN20	8	2.0835e-01	4.4182e-01	0.999998	4
TIMP3	8	2.0845e-01	4.4198e-01	0.999998	2
TAF1A	8	2.0855e-01	4.4209e-01	0.999998	4
ADAMTS7	8	2.0899e-01	4.4267e-01	0.999998	3
GAPT	8	2.0928e-01	4.4292e-01	0.999998	4
CETP	8	2.0932e-01	4.4296e-01	0.999998	4
PFKFB3	8	2.0943e-01	4.4308e-01	0.999998	3
GBP5	8	2.0944e-01	4.4308e-01	0.999998	4
IL23A	8	2.0963e-01	4.4327e-01	0.999998	2
RSAD2	8	2.1013e-01	4.4393e-01	0.999998	2
SAA1	8	2.1017e-01	4.4398e-01	0.999998	4
FAM72A	8	2.1043e-01	4.4426e-01	0.999998	4
SLC35F5	8	2.1275e-01	4.4719e-01	0.999998	4
HIST1H3E	8	2.1280e-01	4.4724e-01	0.999998	3
CTTNBP2NL	8	2.1311e-01	4.4770e-01	0.999998	4
SLC25A19	8	2.1418e-01	4.4907e-01	0.999998	4
NFKB1	8	2.1476e-01	4.4991e-01	0.999998	2
ARSB	8	2.1521e-01	4.5041e-01	0.999998	4
CXCL13	8	2.1537e-01	4.5060e-01	0.999998	3
C9orf91	8	2.1545e-01	4.5069e-01	0.999998	4
ZNF613	8	2.1577e-01	4.5113e-01	0.999998	3
ICAM3	8	2.1596e-01	4.5138e-01	0.999998	3
ARHGEF3	8	2.1686e-01	4.5236e-01	0.999998	3
PLEKHG7	8	2.1756e-01	4.5323e-01	0.999998	4
BEST4	8	2.1770e-01	4.5339e-01	0.999998	3
ALDOB	8	2.1812e-01	4.5380e-01	0.999998	2
CD207	8	2.1830e-01	4.5406e-01	0.999998	4
TNNI1	8	2.1844e-01	4.5425e-01	0.999998	3
THTPA	8	2.1854e-01	4.5438e-01	0.999998	3
FBXO39	8	2.1880e-01	4.5470e-01	0.999998	4
DFNB31	8	2.1935e-01	4.5538e-01	0.999998	4
CNP	8	2.1937e-01	4.5542e-01	0.999998	2
NonTargetingControlGuideForHuman_0177	1	2.1961e-01	2.1928e-01	0.999998	1
BLOC1S2	8	2.1979e-01	4.5603e-01	0.999998	4
NCR3LG1	8	2.2020e-01	4.5654e-01	0.999998	3
DNAJC28	8	2.2079e-01	4.5727e-01	0.999998	4
SOD2	8	2.2104e-01	4.5768e-01	0.999998	2
MED18	8	2.2354e-01	4.6068e-01	0.999998	4
EPSTI1	8	2.2403e-01	4.6134e-01	0.999998	3
PIK3R3	8	2.2448e-01	4.6190e-01	0.999998	4
GPR137B	8	2.2480e-01	4.6226e-01	0.999998	4
CDKN2B	8	2.2492e-01	4.6244e-01	0.999998	3
ZNF780B	8	2.2596e-01	4.6371e-01	0.999998	4
DRAM1	8	2.2654e-01	4.6445e-01	0.999998	2
NonTargetingControlGuideForHuman_0041	1	2.2689e-01	2.2667e-01	0.999998	1
CCDC92	8	2.2694e-01	4.6493e-01	0.999998	4
SAMSN1	8	2.2770e-01	4.6593e-01	0.999998	2
ACSM5	8	2.2811e-01	4.6653e-01	0.999998	4
MSMO1	8	2.2821e-01	4.6665e-01	0.999998	4
KPNA7	8	2.2892e-01	4.6763e-01	0.999998	4
GPD2	8	2.2974e-01	4.6866e-01	0.999998	3
KLHL31	8	2.2977e-01	4.6870e-01	0.999998	4
UBA7	8	2.2998e-01	4.6894e-01	0.999998	4
TMEM178B	8	2.3054e-01	4.6967e-01	0.999998	2
NonTargetingControlGuideForHuman_0007	1	2.3085e-01	2.3081e-01	0.999998	1
LAMP5	8	2.3201e-01	4.7145e-01	0.999998	4
SEMA6A	8	2.3255e-01	4.7208e-01	0.999998	2
GREM1	8	2.3265e-01	4.7218e-01	0.999998	4
ADORA3	8	2.3356e-01	4.7329e-01	0.999998	3
MSMB	8	2.3471e-01	4.7475e-01	0.999998	2
KIR3DL1	8	2.3496e-01	4.7510e-01	0.999998	3
C4orf33	8	2.3512e-01	4.7533e-01	0.999998	3
MT1H	8	2.3550e-01	4.7580e-01	0.999998	3
HLA-DOB	8	2.3595e-01	4.7637e-01	0.999998	4
HIST2H2AC	8	2.3595e-01	4.7637e-01	0.999998	3
LAP3	8	2.3598e-01	4.7641e-01	0.999998	4
AURKB	8	2.3636e-01	4.7685e-01	0.999998	3
MAX	8	2.3718e-01	4.7793e-01	0.999998	2
LACC1	8	2.3739e-01	4.7815e-01	0.999998	4
C7orf63	8	2.3775e-01	4.7861e-01	0.999998	3
EIF3L	8	2.3798e-01	4.7890e-01	0.999998	4
SLC52A1	8	2.3805e-01	4.7897e-01	0.999998	3
CARD6	8	2.3879e-01	4.7978e-01	0.999998	2
KCNE2	8	2.3881e-01	4.7985e-01	0.999998	4
PRKD2	8	2.3910e-01	4.8019e-01	0.999998	3
TMEM184A	8	2.3940e-01	4.8054e-01	0.999998	2
TIMP4	8	2.3984e-01	4.8107e-01	0.999998	4
ZG16B	8	2.4061e-01	4.8214e-01	0.999998	4
PEA15	8	2.4107e-01	4.8273e-01	0.999998	3
MYO1C	8	2.4121e-01	4.8294e-01	0.999998	4
HAVCR2	8	2.4122e-01	4.8294e-01	0.999998	3
EPHB2	8	2.4152e-01	4.8334e-01	0.999998	4
RASGRP3	8	2.4162e-01	4.8344e-01	0.999998	3
CD300E	8	2.4208e-01	4.8397e-01	0.999998	2
RXFP1	8	2.4249e-01	4.8451e-01	0.999998	3
NonTargetingControlGuideForHuman_0026	1	2.4286e-01	2.4278e-01	0.999998	1
INHA	8	2.4290e-01	4.8504e-01	0.999998	4
CTCFL	7	2.4293e-01	4.8096e-01	0.999998	3
SLC40A1	8	2.4308e-01	4.8518e-01	0.999998	4
MFSD12	8	2.4318e-01	4.8533e-01	0.999998	3
ABCA7	8	2.4323e-01	4.8540e-01	0.999998	2
TUFT1	8	2.4330e-01	4.8551e-01	0.999998	3
DCSTAMP	8	2.4529e-01	4.8797e-01	0.999998	4
CLEC5A	8	2.4581e-01	4.8854e-01	0.999998	4
MDK	8	2.4647e-01	4.8937e-01	0.999998	3
RMI2	8	2.4777e-01	4.9112e-01	0.999998	3
NonTargetingControlGuideForHuman_0099	1	2.4818e-01	2.4823e-01	0.999998	1
CRP	8	2.4865e-01	4.9222e-01	0.999998	3
FAM46B	8	2.4870e-01	4.9228e-01	0.999998	3
WDFY1	8	2.5048e-01	4.9444e-01	0.999998	3
TMEM171	8	2.5060e-01	4.9461e-01	0.999998	2
SYNE2	8	2.5105e-01	4.9523e-01	0.999998	4
PCDH17	8	2.5261e-01	4.9724e-01	0.999998	2
NonTargetingControlGuideForHuman_0133	1	2.5266e-01	2.5266e-01	0.999998	1
SP140	8	2.5296e-01	4.9764e-01	0.999998	3
PAQR8	8	2.5357e-01	4.9839e-01	0.999998	3
AGRN	8	2.5377e-01	4.9868e-01	0.999998	3
APOL1	8	2.5385e-01	4.9877e-01	0.999998	3
ACAP1	8	2.5400e-01	4.9897e-01	0.999998	3
MAMLD1	8	2.5422e-01	4.9920e-01	0.999998	2
SPHK1	8	2.5438e-01	4.9939e-01	0.999998	3
BBS12	8	2.5499e-01	5.0019e-01	0.999998	2
NonTargetingControlGuideForHuman_0150	1	2.5519e-01	2.5506e-01	0.999998	1
PTPRN2	8	2.5523e-01	5.0041e-01	0.999998	4
CXCL1	8	2.5606e-01	5.0151e-01	0.999998	4
GIMAP5	8	2.5661e-01	5.0223e-01	0.999998	3
RTP4	8	2.5662e-01	5.0225e-01	0.999998	2
MUC1	8	2.5663e-01	5.0227e-01	0.999998	3
HTRA4	8	2.5708e-01	5.0280e-01	0.999998	3
LRRC3B	8	2.5743e-01	5.0325e-01	0.999998	3
NFKBIZ	8	2.5804e-01	5.0389e-01	0.999998	3
A2M	8	2.5845e-01	5.0429e-01	0.999998	4
HSD17B14	8	2.5858e-01	5.0445e-01	0.999998	4
YAE1D1	8	2.5903e-01	5.0494e-01	0.999998	2
GPR31	8	2.6045e-01	5.0659e-01	0.999998	4
ZNF441	8	2.6063e-01	5.0680e-01	0.999998	4
PCDH11X	8	2.6071e-01	5.0689e-01	0.999998	4
CDK18	8	2.6103e-01	5.0735e-01	0.999998	2
RAB33A	8	2.6108e-01	5.0741e-01	0.999998	3
NRARP	8	2.6178e-01	5.0822e-01	0.999998	4
CD74	8	2.6222e-01	5.0881e-01	0.999998	2
FAM134B	8	2.6252e-01	5.0928e-01	0.999998	4
PREX2	8	2.6262e-01	5.0940e-01	0.999998	2
FZD2	8	2.6341e-01	5.1046e-01	0.999998	2
TNNT2	8	2.6366e-01	5.1078e-01	0.999998	4
FCGR3A	8	2.6402e-01	5.1124e-01	0.999998	3
FAM186B	8	2.6461e-01	5.1187e-01	0.999998	1
NCOA3	8	2.6557e-01	5.1304e-01	0.999998	3
UGT1A1	8	2.6659e-01	5.1421e-01	0.999998	2
AMZ1	8	2.6701e-01	5.1476e-01	0.999998	3
GCLC	8	2.6738e-01	5.1515e-01	0.999998	1
C6orf223	8	2.6790e-01	5.1582e-01	0.999998	3
NonTargetingControlGuideForHuman_0167	1	2.6805e-01	2.6816e-01	0.999998	1
PSMA6	8	2.6890e-01	5.1699e-01	0.999998	4
NUP50	8	2.6926e-01	5.1742e-01	0.999998	2
AGPAT9	8	2.6944e-01	5.1769e-01	0.999998	4
USP37	8	2.6962e-01	5.1793e-01	0.999998	3
PI3	8	2.6984e-01	5.1824e-01	0.999998	4
NonTargetingControlGuideForHuman_0096	1	2.7019e-01	2.7019e-01	0.999998	1
MARCKSL1	8	2.7052e-01	5.1913e-01	0.999998	4
SIGLEC1	8	2.7054e-01	5.1914e-01	0.999998	4
FOSL1	8	2.7118e-01	5.1999e-01	0.999998	3
C17orf96	8	2.7133e-01	5.2021e-01	0.999998	2
CMYA5	8	2.7149e-01	5.2041e-01	0.999998	3
TMPRSS3	8	2.7174e-01	5.2068e-01	0.999998	4
CRTAM	8	2.7274e-01	5.2193e-01	0.999998	4
C21orf91	8	2.7404e-01	5.2338e-01	0.999998	4
TFPI	8	2.7447e-01	5.2384e-01	0.999998	3
MYD88	8	2.7508e-01	5.2458e-01	0.999998	3
NonTargetingControlGuideForHuman_0200	1	2.7552e-01	2.7560e-01	0.999998	1
PLEKHF1	8	2.7595e-01	5.2563e-01	0.999998	4
LGMN	8	2.7604e-01	5.2571e-01	0.999998	1
APOD	8	2.7690e-01	5.2679e-01	0.999998	4
HLA-G	8	2.7704e-01	5.2694e-01	0.999998	4
C1orf173	8	2.7731e-01	5.2725e-01	0.999998	4
TTC7B	8	2.7760e-01	5.2768e-01	0.999998	1
MYO6	8	2.7877e-01	5.2915e-01	0.999998	3
ASIP	8	2.7916e-01	5.2965e-01	0.999998	2
ZNF850	8	2.7970e-01	5.3030e-01	0.999998	3
TNFRSF9	8	2.7995e-01	5.3054e-01	0.999998	3
TRMT1L	8	2.8058e-01	5.3130e-01	0.999998	3
CMKLR1	8	2.8111e-01	5.3189e-01	0.999998	2
ALCAM	8	2.8169e-01	5.3254e-01	0.999998	4
C5	8	2.8210e-01	5.3304e-01	0.999998	4
ADORA2A	7	2.8374e-01	5.2107e-01	0.999998	3
MX2	8	2.8404e-01	5.3531e-01	0.999998	3
BST2	8	2.8422e-01	5.3558e-01	0.999998	2
IER5	8	2.8444e-01	5.3587e-01	0.999998	4
CASP12	8	2.8452e-01	5.3596e-01	0.999998	3
CCL24	8	2.8461e-01	5.3608e-01	0.999998	2
ZNF684	8	2.8482e-01	5.3628e-01	0.999998	3
PTPRU	8	2.8538e-01	5.3696e-01	0.999998	2
BRSK1	8	2.8562e-01	5.3724e-01	0.999998	3
MAFB	8	2.8578e-01	5.3741e-01	0.999998	3
AGXT	8	2.8626e-01	5.3801e-01	0.999998	3
PHLDB1	8	2.8667e-01	5.3847e-01	0.999998	4
TRIM56	8	2.8688e-01	5.3872e-01	0.999998	3
ELOVL7	8	2.8761e-01	5.3958e-01	0.999998	4
TCHH	8	2.8770e-01	5.3966e-01	0.999998	3
HIST2H2AB	8	2.8775e-01	5.3970e-01	0.999998	4
NUPR1	7	2.9036e-01	5.2735e-01	0.999998	3
RTCB	7	2.9036e-01	5.2735e-01	0.999998	3
DUSP2	8	2.9117e-01	5.4385e-01	0.999998	3
TMEM244	8	2.9140e-01	5.4411e-01	0.999998	2
RBMS2	8	2.9194e-01	5.4481e-01	0.999998	1
CXCR6	8	2.9243e-01	5.4538e-01	0.999998	3
FAM46A	8	2.9259e-01	5.4554e-01	0.999998	3
CISH	8	2.9270e-01	5.4570e-01	0.999998	2
APOBEC3A_B	5	2.9290e-01	4.9326e-01	0.999998	2
CDKN1C	8	2.9302e-01	5.4607e-01	0.999998	4
RFPL4A	8	2.9309e-01	5.4619e-01	0.999998	2
NonTargetingControlGuideForHuman_0089	1	2.9331e-01	2.9303e-01	0.999998	1
C18orf54	8	2.9347e-01	5.4671e-01	0.999998	2
SEMA3B	8	2.9424e-01	5.4763e-01	0.999998	2
SPATA5	8	2.9462e-01	5.4806e-01	0.999998	1
TRIM69	8	2.9466e-01	5.4808e-01	0.999998	3
CYP27A1	8	2.9510e-01	5.4860e-01	0.999998	4
TRAF5	8	2.9545e-01	5.4902e-01	0.999998	3
CFB	8	2.9577e-01	5.4943e-01	0.999998	3
PLAT	8	2.9609e-01	5.4982e-01	0.999998	3
MID2	8	2.9615e-01	5.4988e-01	0.999998	2
DCAF7	8	2.9748e-01	5.5138e-01	0.999998	4
DNASE1L2	8	2.9798e-01	5.5194e-01	0.999998	3
CLEC4D	8	2.9806e-01	5.5204e-01	0.999998	2
RET	8	2.9888e-01	5.5294e-01	0.999998	4
NonTargetingControlGuideForHuman_0198	1	2.9902e-01	2.9899e-01	0.999998	1
FUT4	8	2.9912e-01	5.5324e-01	0.999998	3
CLEC2D	8	2.9920e-01	5.5332e-01	0.999998	3
NonTargetingControlGuideForHuman_0075	1	2.9941e-01	2.9936e-01	0.999998	1
GLRX	8	2.9972e-01	5.5383e-01	0.999998	4
BLVRA	8	3.0023e-01	5.5441e-01	0.999998	4
TAPBP	8	3.0072e-01	5.5503e-01	0.999998	3
ZKSCAN7	8	3.0110e-01	5.5538e-01	0.999998	2
PREPL	8	3.0140e-01	5.5572e-01	0.999998	4
LRRCC1	8	3.0147e-01	5.5577e-01	0.999998	2
LPGAT1	8	3.0263e-01	5.5701e-01	0.999998	4
FFAR2	8	3.0374e-01	5.5835e-01	0.999998	3
COBL	8	3.0394e-01	5.5856e-01	0.999998	3
IL1A	8	3.0413e-01	5.5871e-01	0.999998	3
IGIP	8	3.0423e-01	5.5882e-01	0.999998	3
RNF144B	8	3.0451e-01	5.5917e-01	0.999998	2
CYP1B1	8	3.0477e-01	5.5945e-01	0.999998	4
TNFSF14	8	3.0489e-01	5.5958e-01	0.999998	2
SCAND3	8	3.0526e-01	5.6002e-01	0.999998	2
NDN	8	3.0562e-01	5.6035e-01	0.999998	4
PRKAG3	8	3.0600e-01	5.6077e-01	0.999998	3
LGALS3	8	3.0618e-01	5.6098e-01	0.999998	4
P2RY6	8	3.0677e-01	5.6170e-01	0.999998	3
LIPG	8	3.0689e-01	5.6182e-01	0.999998	4
VWCE	8	3.0744e-01	5.6245e-01	0.999998	2
COL8A1	8	3.0753e-01	5.6251e-01	0.999998	1
SLAMF1	8	3.0759e-01	5.6260e-01	0.999998	4
SRGAP2	8	3.0765e-01	5.6268e-01	0.999998	4
HPS5	8	3.0776e-01	5.6283e-01	0.999998	4
SLC7A1	8	3.0787e-01	5.6294e-01	0.999998	4
SPIN4	8	3.0816e-01	5.6325e-01	0.999998	4
FRMD3	8	3.0941e-01	5.6469e-01	0.999998	2
C1orf106	8	3.0985e-01	5.6519e-01	0.999998	4
RABGAP1L	8	3.0991e-01	5.6528e-01	0.999998	2
CD274	8	3.1053e-01	5.6601e-01	0.999998	2
NonTargetingControlGuideForHuman_0066	1	3.1123e-01	3.1075e-01	0.999998	1
NonTargetingControlGuideForHuman_0078	1	3.1142e-01	3.1096e-01	0.999998	1
IFITM3	8	3.1226e-01	5.6813e-01	0.999998	3
NonTargetingControlGuideForHuman_0034	1	3.1226e-01	3.1193e-01	0.999998	1
DUOXA2	8	3.1278e-01	5.6876e-01	0.999998	2
GADD45G	8	3.1353e-01	5.6964e-01	0.999998	2
IRF7	8	3.1383e-01	5.6997e-01	0.999998	4
NUDCD1	8	3.1465e-01	5.7114e-01	0.999998	2
ZNF132	8	3.1467e-01	5.7118e-01	0.999998	3
FAM83G	8	3.1468e-01	5.7118e-01	0.999998	4
USP41	8	3.1486e-01	5.7135e-01	0.999998	3
TANK	8	3.1567e-01	5.7222e-01	0.999998	4
AMPH	8	3.1577e-01	5.7235e-01	0.999998	3
APOL2	8	3.1596e-01	5.7266e-01	0.999998	4
IRF3	8	3.1651e-01	5.7323e-01	0.999998	2
LIFR	8	3.1717e-01	5.7394e-01	0.999998	3
BTC	8	3.1724e-01	5.7403e-01	0.999998	4
KIAA0907	8	3.1738e-01	5.7415e-01	0.999998	4
NonTargetingControlGuideForHuman_0057	1	3.1804e-01	3.1759e-01	0.999998	1
SLC25A53	8	3.1822e-01	5.7517e-01	0.999998	3
FAM184A	8	3.1837e-01	5.7534e-01	0.999998	3
RADIL	8	3.1838e-01	5.7534e-01	0.999998	4
LAIR2	8	3.1874e-01	5.7573e-01	0.999998	2
ISOC1	8	3.1887e-01	5.7586e-01	0.999998	3
EIF2AK2	8	3.2023e-01	5.7742e-01	0.999998	2
HIST1H4H	8	3.2165e-01	5.7910e-01	0.999998	3
CEACAM3	8	3.2167e-01	5.7913e-01	0.999998	4
RGS22	8	3.2227e-01	5.7994e-01	0.999998	3
NonTargetingControlGuideForHuman_0039	1	3.2298e-01	3.2282e-01	0.999998	1
POP1	8	3.2351e-01	5.8137e-01	0.999998	2
CASP1	8	3.2389e-01	5.8189e-01	0.999998	3
PLK3	8	3.2454e-01	5.8267e-01	0.999998	2
SLC16A13	8	3.2466e-01	5.8282e-01	0.999998	1
NonTargetingControlGuideForHuman_0115	1	3.2480e-01	3.2461e-01	0.999998	1
RNASE4	8	3.2650e-01	5.8494e-01	0.999998	2
CLIC5	8	3.2698e-01	5.8550e-01	0.999998	4
MT1A	8	3.2712e-01	5.8561e-01	0.999998	4
GART	8	3.2729e-01	5.8583e-01	0.999998	3
C5orf58	8	3.2741e-01	5.8594e-01	0.999998	4
ZFP3	8	3.2770e-01	5.8623e-01	0.999998	4
MED20	8	3.2804e-01	5.8664e-01	0.999998	3
RUFY4	6	3.2833e-01	5.4197e-01	0.999998	2
ATP8B4	8	3.2843e-01	5.8717e-01	0.999998	3
IL13RA1	8	3.2845e-01	5.8720e-01	0.999998	2
LGALS9	8	3.2943e-01	5.8832e-01	0.999998	4
TMEM140	8	3.2969e-01	5.8859e-01	0.999998	2
BEST1	8	3.2989e-01	5.8884e-01	0.999998	3
TLR2	8	3.3010e-01	5.8909e-01	0.999998	2
ZBTB9	8	3.3038e-01	5.8942e-01	0.999998	4
COA5	8	3.3053e-01	5.8964e-01	0.999998	3
HS3ST1	8	3.3058e-01	5.8970e-01	0.999998	4
KRT1	8	3.3070e-01	5.8985e-01	0.999998	3
DOCK4	8	3.3090e-01	5.9008e-01	0.999998	2
GJA3	8	3.3163e-01	5.9092e-01	0.999998	1
MMP9	8	3.3200e-01	5.9135e-01	0.999998	3
AKAP3	8	3.3272e-01	5.9216e-01	0.999998	3
ACSL1	8	3.3360e-01	5.9312e-01	0.999998	2
NCAPG	8	3.3379e-01	5.9333e-01	0.999998	3
ALDH1A1	8	3.3382e-01	5.9336e-01	0.999998	3
NonTargetingControlGuideForHuman_0129	1	3.3408e-01	3.3392e-01	0.999998	1
REEP3	8	3.3422e-01	5.9384e-01	0.999998	2
ANKS1B	8	3.3477e-01	5.9448e-01	0.999998	4
RAI14	8	3.3493e-01	5.9466e-01	0.999998	3
VASH1	8	3.3527e-01	5.9511e-01	0.999998	2
HSD3B7	8	3.3549e-01	5.9539e-01	0.999998	4
HIST2H2AA3	8	3.3578e-01	5.9578e-01	0.999998	4
TTC40	8	3.3813e-01	5.9851e-01	0.999998	2
EXOC3L1	8	3.3915e-01	5.9963e-01	0.999998	3
ZNF541	8	3.3999e-01	6.0070e-01	0.999998	4
CCL8	8	3.4121e-01	6.0211e-01	0.999998	3
KIR2DL1	8	3.4162e-01	6.0256e-01	0.999998	2
HSPA6	8	3.4327e-01	6.0440e-01	0.999998	3
TYRO3	8	3.4466e-01	6.0607e-01	0.999998	2
AOC2	8	3.4480e-01	6.0626e-01	0.999998	4
MYBPC3	8	3.4494e-01	6.0639e-01	0.999998	4
DNAJC1	8	3.4502e-01	6.0646e-01	0.999998	1
AKAP2	8	3.4587e-01	6.0742e-01	0.999998	3
CST6	8	3.4636e-01	6.0800e-01	0.999998	3
GOLPH3L	8	3.4640e-01	6.0805e-01	0.999998	4
PSD3	8	3.4655e-01	6.0816e-01	0.999998	4
LDHAL6B	8	3.4816e-01	6.0998e-01	0.999998	4
IL1B	8	3.4848e-01	6.1039e-01	0.999998	3
HIST2H2BF	8	3.4860e-01	6.1051e-01	0.999998	3
ME3	8	3.4889e-01	6.1091e-01	0.999998	4
SMCHD1	8	3.4904e-01	6.1105e-01	0.999998	4
PTRF	8	3.4967e-01	6.1175e-01	0.999998	1
ADARB2	8	3.5026e-01	6.1247e-01	0.999998	3
ZNF260	8	3.5046e-01	6.1270e-01	0.999998	3
NEFH	8	3.5061e-01	6.1291e-01	0.999998	3
TMEM52B	8	3.5108e-01	6.1350e-01	0.999998	3
TAS2R3	8	3.5109e-01	6.1351e-01	0.999998	3
TNFSF10	8	3.5275e-01	6.1537e-01	0.999998	3
DHFRL1	8	3.5329e-01	6.1594e-01	0.999998	4
ARHGAP31	8	3.5340e-01	6.1612e-01	0.999998	3
ST3GAL4	8	3.5358e-01	6.1629e-01	0.999998	1
RNASEL	8	3.5373e-01	6.1643e-01	0.999998	3
TLR7	8	3.5393e-01	6.1662e-01	0.999998	1
LMO2	8	3.5417e-01	6.1689e-01	0.999998	4
RAB24	8	3.5446e-01	6.1716e-01	0.999998	4
KIAA1958	8	3.5461e-01	6.1732e-01	0.999998	4
HMOX1	8	3.5500e-01	6.1773e-01	0.999998	2
OSBPL9	8	3.5505e-01	6.1782e-01	0.999998	4
PKIB	8	3.5603e-01	6.1861e-01	0.999998	3
LPAR6	8	3.5606e-01	6.1864e-01	0.999998	3
TM4SF1	8	3.5641e-01	6.1889e-01	0.999998	2
SSBP3	8	3.5652e-01	6.1894e-01	0.999998	3
IFITM10	8	3.5817e-01	6.2008e-01	0.999998	2
LGALS9B	8	3.5847e-01	6.2026e-01	0.999998	2
HIST1H2BK	8	3.5888e-01	6.2057e-01	0.999998	3
NonTargetingControlGuideForHuman_0087	1	3.5914e-01	3.5902e-01	0.999998	1
ZNF148	8	3.5915e-01	6.2078e-01	0.999998	3
APOBEC3D	8	3.6175e-01	6.2276e-01	0.999998	2
GAL3ST4	8	3.6227e-01	6.2322e-01	0.999998	3
MRM1	8	3.6293e-01	6.2367e-01	0.999998	3
CXCL10	8	3.6319e-01	6.2385e-01	0.999998	3
FCGR1A	7	3.6350e-01	5.9193e-01	0.999998	2
EML1	8	3.6457e-01	6.2500e-01	0.999998	3
DBF4B	8	3.6462e-01	6.2504e-01	0.999998	3
ATP6V0D2	8	3.6524e-01	6.2556e-01	0.999998	3
IRG1	8	3.6565e-01	6.2584e-01	0.999998	3
TFEC	8	3.6693e-01	6.2676e-01	0.999998	1
METTL18	8	3.6790e-01	6.2735e-01	0.999998	2
CHAC2	8	3.7050e-01	6.2921e-01	0.999998	3
PDGFB	8	3.7179e-01	6.3018e-01	0.999998	2
SLC27A2	8	3.7182e-01	6.3020e-01	0.999998	3
OSBPL6	8	3.7248e-01	6.3070e-01	0.999998	1
DENND1B	8	3.7297e-01	6.3102e-01	0.999998	3
TNFSF18	8	3.7455e-01	6.3220e-01	0.999998	2
NIPAL1	8	3.7547e-01	6.3285e-01	0.999998	3
DSE	8	3.7628e-01	6.3341e-01	0.999998	3
NonTargetingControlGuideForHuman_0059	1	3.7674e-01	3.7661e-01	0.999998	1
RNF114	8	3.7776e-01	6.3442e-01	0.999998	3
UBE2L6	8	3.7833e-01	6.3486e-01	0.999998	2
ACTL10	8	3.8004e-01	6.3627e-01	0.999998	3
NonTargetingControlGuideForHuman_0084	1	3.8135e-01	3.8143e-01	0.999998	0
C16orf52	8	3.8159e-01	6.3741e-01	0.999998	2
PLAUR	8	3.8241e-01	6.3803e-01	0.999998	2
TAGAP	8	3.8261e-01	6.3820e-01	0.999998	3
B3GAT2	8	3.8370e-01	6.3903e-01	0.999998	3
ZNF181	8	3.8383e-01	6.3913e-01	0.999998	2
CHST7	8	3.8583e-01	6.4064e-01	0.999998	2
LMNB1	8	3.8651e-01	6.4115e-01	0.999998	2
KAL1	8	3.8717e-01	6.4162e-01	0.999998	3
NonTargetingControlGuideForHuman_0055	1	3.8784e-01	3.8810e-01	0.999998	0
FAM84B	8	3.8811e-01	6.4228e-01	0.999998	2
HAVCR1	8	3.8953e-01	6.4315e-01	0.999998	3
CHRNB2	8	3.8955e-01	6.4317e-01	0.999998	2
SCIMP	8	3.8974e-01	6.4331e-01	0.999998	2
LHFPL2	8	3.9022e-01	6.4369e-01	0.999998	2
APOC2	8	3.9064e-01	6.4392e-01	0.999998	3
TOR3A	8	3.9116e-01	6.4424e-01	0.999998	3
C2orf44	8	3.9131e-01	6.4434e-01	0.999998	3
C12orf60	8	3.9177e-01	6.4470e-01	0.999998	2
ANKFY1	8	3.9190e-01	6.4481e-01	0.999998	2
NT5DC2	8	3.9291e-01	6.4557e-01	0.999998	1
CXorf40A	8	3.9339e-01	6.4591e-01	0.999998	3
CCL22	8	3.9346e-01	6.4594e-01	0.999998	3
ITGB7	8	3.9360e-01	6.4606e-01	0.999998	3
ZBP1	8	3.9441e-01	6.4672e-01	0.999998	3
NonTargetingControlGuideForHuman_0137	1	3.9492e-01	3.9512e-01	0.999998	0
NonTargetingControlGuideForHuman_0022	1	3.9518e-01	3.9544e-01	0.999998	0
NonTargetingControlGuideForHuman_0141	1	3.9524e-01	3.9551e-01	0.999998	0
ZSWIM4	8	3.9624e-01	6.4806e-01	0.999998	2
HIST1H2AC	8	3.9726e-01	6.4884e-01	0.999998	3
TLK2	8	3.9759e-01	6.4909e-01	0.999998	3
PLA2G16	8	3.9766e-01	6.4914e-01	0.999998	3
LRG1	8	4.0130e-01	6.5177e-01	0.999998	2
RAB19	8	4.0158e-01	6.5200e-01	0.999998	2
NonTargetingControlGuideForHuman_0113	1	4.0219e-01	4.0226e-01	0.999998	0
F2RL2	8	4.0223e-01	6.5247e-01	0.999998	3
TMEM194A	8	4.0292e-01	6.5296e-01	0.999998	2
ZNF470	8	4.0373e-01	6.5348e-01	0.999998	3
CD163L1	8	4.0421e-01	6.5379e-01	0.999998	3
CCDC9	8	4.0515e-01	6.5442e-01	0.999998	3
KLK8	8	4.0570e-01	6.5484e-01	0.999998	3
NR4A2	8	4.0620e-01	6.5516e-01	0.999998	3
FKBP1B	8	4.0818e-01	6.5665e-01	0.999998	2
TARS	8	4.0852e-01	6.5684e-01	0.999998	3
NUP205	8	4.0918e-01	6.5727e-01	0.999998	3
RGL4	8	4.0939e-01	6.5742e-01	0.999998	2
TGM5	8	4.1015e-01	6.5800e-01	0.999998	2
EDNRB	8	4.1113e-01	6.5875e-01	0.999998	1
ZNF384	8	4.1117e-01	6.5877e-01	0.999998	3
NonTargetingControlGuideForHuman_0136	1	4.1173e-01	4.1188e-01	0.999998	0
NonTargetingControlGuideForHuman_0147	1	4.1238e-01	4.1243e-01	0.999998	0
MASTL	8	4.1315e-01	6.6005e-01	0.999998	3
NonTargetingControlGuideForHuman_0049	1	4.1316e-01	4.1329e-01	0.999998	0
NOG	8	4.1322e-01	6.6010e-01	0.999998	3
HSH2D	8	4.1406e-01	6.6068e-01	0.999998	2
OSMR	8	4.1431e-01	6.6084e-01	0.999998	3
TNFAIP6	8	4.1471e-01	6.6110e-01	0.999998	2
LGALS8	8	4.1536e-01	6.6154e-01	0.999998	2
C1QB	8	4.1583e-01	6.6187e-01	0.999998	2
PGBD1	8	4.1601e-01	6.6199e-01	0.999998	2
PRAME	8	4.1679e-01	6.6255e-01	0.999998	3
USP44	8	4.1704e-01	6.6271e-01	0.999998	2
NFIL3	8	4.1764e-01	6.6324e-01	0.999998	2
CCL19	8	4.1784e-01	6.6337e-01	0.999998	2
IFI27L2	8	4.1796e-01	6.6346e-01	0.999998	3
CD276	8	4.1911e-01	6.6423e-01	0.999998	3
NPTX1	8	4.1925e-01	6.6435e-01	0.999998	3
AGT	8	4.1957e-01	6.6454e-01	0.999998	2
NonTargetingControlGuideForHuman_0097	1	4.1985e-01	4.2012e-01	0.999998	0
RIPK2	8	4.1985e-01	6.6475e-01	0.999998	3
PDE7B	8	4.2022e-01	6.6503e-01	0.999998	3
NonTargetingControlGuideForHuman_0029	1	4.2076e-01	4.2091e-01	0.999998	0
SAMD9L	8	4.2106e-01	6.6563e-01	0.999998	3
NonTargetingControlGuideForHuman_0070	1	4.2141e-01	4.2153e-01	0.999998	0
LRRN3	8	4.2306e-01	6.6720e-01	0.999998	3
CDC42EP2	8	4.2326e-01	6.6739e-01	0.999998	2
DDIT4	8	4.2346e-01	6.6753e-01	0.999998	3
TMEM217	8	4.2439e-01	6.6823e-01	0.999998	3
PDGFRB	8	4.2457e-01	6.6834e-01	0.999998	3
TNFRSF18	8	4.2471e-01	6.6842e-01	0.999998	3
NonTargetingControlGuideForHuman_0052	1	4.2628e-01	4.2616e-01	0.999998	0
RASSF4	8	4.2631e-01	6.6969e-01	0.999998	2
CCRL2	8	4.2656e-01	6.6985e-01	0.999998	3
CYP26A1	8	4.2727e-01	6.7042e-01	0.999998	1
NonTargetingControlGuideForHuman_0156	1	4.2809e-01	4.2797e-01	0.999998	0
FAM47E-STBD1	8	4.2847e-01	6.7119e-01	0.999998	3
CCL23	8	4.2855e-01	6.7125e-01	0.999998	3
HCAR2	8	4.2921e-01	6.7175e-01	0.999998	3
CBWD3	8	4.2970e-01	6.7208e-01	0.999998	3
SLC2A3	8	4.3106e-01	6.7311e-01	0.999998	2
TIFAB	8	4.3136e-01	6.7335e-01	0.999998	3
PARP9	8	4.3140e-01	6.7338e-01	0.999998	3
PRDM1	8	4.3204e-01	6.7392e-01	0.999998	2
ENTPD7	8	4.3334e-01	6.7487e-01	0.999998	3
CRIM1	8	4.3386e-01	6.7536e-01	0.999998	3
KREMEN2	8	4.3467e-01	6.7596e-01	0.999998	3
ZBTB43	8	4.3483e-01	6.7607e-01	0.999998	3
TFRC	8	4.3505e-01	6.7622e-01	0.999998	2
ADAP2	8	4.3677e-01	6.7755e-01	0.999998	1
SRXN1	8	4.3708e-01	6.7771e-01	0.999998	1
ZNF28	8	4.3740e-01	6.7794e-01	0.999998	1
ZNF107	8	4.3803e-01	6.7840e-01	0.999998	2
BATF2	8	4.3830e-01	6.7858e-01	0.999998	3
GRIN2C	8	4.3847e-01	6.7869e-01	0.999998	3
ATP10A	8	4.3897e-01	6.7913e-01	0.999998	2
NonTargetingControlGuideForHuman_0180	1	4.3965e-01	4.3943e-01	0.999998	0
RBCK1	8	4.3982e-01	6.7967e-01	0.999998	2
CPEB3	8	4.3991e-01	6.7974e-01	0.999998	2
UCP3	8	4.4178e-01	6.8124e-01	0.999998	3
CCDC89	8	4.4240e-01	6.8171e-01	0.999998	1
DEFB1	8	4.4260e-01	6.8190e-01	0.999998	2
NonTargetingControlGuideForHuman_0040	1	4.4342e-01	4.4336e-01	0.999998	0
CCL4	8	4.4458e-01	6.8330e-01	0.999998	2
THNSL1	8	4.4520e-01	6.8373e-01	0.999998	1
PMEPA1	8	4.4551e-01	6.8391e-01	0.999998	3
OLR1	8	4.4557e-01	6.8399e-01	0.999998	3
GCNT2	8	4.4582e-01	6.8414e-01	0.999998	2
TRIM6	8	4.4636e-01	6.8460e-01	0.999998	2
ZSCAN22	8	4.4656e-01	6.8470e-01	0.999998	2
HERC6	8	4.4676e-01	6.8483e-01	0.999998	2
NonTargetingControlGuideForHuman_0080	1	4.4679e-01	4.4670e-01	0.999998	0
APOBEC1	8	4.4768e-01	6.8551e-01	0.999998	2
PYCR1	8	4.4804e-01	6.8572e-01	0.999998	3
IGF2BP3	8	4.4992e-01	6.8710e-01	0.999998	2
RGS1	8	4.5071e-01	6.8773e-01	0.999998	3
ANGPTL6	8	4.5151e-01	6.8832e-01	0.999998	3
KBTBD7	8	4.5199e-01	6.8865e-01	0.999998	2
NonTargetingControlGuideForHuman_0027	1	4.5264e-01	4.5251e-01	0.999998	0
MAATS1	8	4.5291e-01	6.8941e-01	0.999998	2
UPP2	8	4.5383e-01	6.9012e-01	0.999998	2
HES1	8	4.5465e-01	6.9071e-01	0.999998	3
CYP1A1	8	4.5505e-01	6.9103e-01	0.999998	3
RPL22	8	4.5563e-01	6.9138e-01	0.999998	2
PEX12	8	4.5596e-01	6.9160e-01	0.999998	2
IRF8	8	4.5642e-01	6.9199e-01	0.999998	3
SERPINB7	8	4.5761e-01	6.9290e-01	0.999998	3
TNS1	8	4.5976e-01	6.9443e-01	0.999998	2
NonTargetingControlGuideForHuman_0024	1	4.6030e-01	4.6016e-01	0.999998	0
FTL	8	4.6123e-01	6.9546e-01	0.999998	3
NonTargetingControlGuideForHuman_0143	1	4.6225e-01	4.6216e-01	0.999998	0
NonTargetingControlGuideForHuman_0162	1	4.6309e-01	4.6302e-01	0.999998	0
NMI	8	4.6435e-01	6.9775e-01	0.999998	3
BTN3A2	8	4.6505e-01	6.9828e-01	0.999998	2
CD244	8	4.6517e-01	6.9837e-01	0.999998	3
OAS2	8	4.6563e-01	6.9869e-01	0.999998	2
NonTargetingControlGuideForHuman_0153	1	4.6627e-01	4.6604e-01	0.999998	0
ZFYVE27	8	4.6685e-01	6.9960e-01	0.999998	3
NonTargetingControlGuideForHuman_0157	1	4.6711e-01	4.6684e-01	0.999998	0
LIG4	8	4.6714e-01	6.9978e-01	0.999998	3
PARPBP	8	4.6813e-01	7.0045e-01	0.999998	3
APOBEC3B	8	4.6829e-01	7.0056e-01	0.999998	3
CYP2J2	8	4.6834e-01	7.0058e-01	0.999998	1
B3GALT4	8	4.6836e-01	7.0060e-01	0.999998	2
AKAP8	8	4.6855e-01	7.0073e-01	0.999998	2
ALDH1B1	8	4.7010e-01	7.0182e-01	0.999998	3
CFH	8	4.7043e-01	7.0204e-01	0.999998	3
PTK2B	8	4.7043e-01	7.0204e-01	0.999998	3
IL12RB2	8	4.7076e-01	7.0226e-01	0.999998	3
ADPRH	8	4.7103e-01	7.0251e-01	0.999998	2
NonTargetingControlGuideForHuman_0182	1	4.7121e-01	4.7100e-01	0.999998	0
RIPK1	8	4.7162e-01	7.0299e-01	0.999998	3
NonTargetingControlGuideForHuman_0187	1	4.7211e-01	4.7190e-01	0.999998	0
P2RY2	8	4.7251e-01	7.0364e-01	0.999998	2
DHX58	8	4.7486e-01	7.0534e-01	0.999998	3
PARP12	8	4.7555e-01	7.0580e-01	0.999998	2
PDE6H	8	4.7584e-01	7.0600e-01	0.999998	3
ZC3H12C	8	4.7695e-01	7.0694e-01	0.999998	2
OASL	8	4.7724e-01	7.0716e-01	0.999998	1
GADD45B	8	4.7783e-01	7.0764e-01	0.999998	2
CEBPD	8	4.7797e-01	7.0772e-01	0.999998	3
TNF	8	4.7871e-01	7.0825e-01	0.999998	2
STARD5	8	4.7930e-01	7.0864e-01	0.999998	2
NonTargetingControlGuideForHuman_0191	1	4.8016e-01	4.7993e-01	0.999998	0
MMP19	8	4.8075e-01	7.0958e-01	0.999998	3
BLZF1	8	4.8155e-01	7.1019e-01	0.999998	2
C2orf42	8	4.8213e-01	7.1063e-01	0.999998	2
PSME2	8	4.8425e-01	7.1209e-01	0.999998	2
NonTargetingControlGuideForHuman_0095	1	4.8445e-01	4.8424e-01	0.999998	0
NonTargetingControlGuideForHuman_0068	1	4.8458e-01	4.8441e-01	0.999998	0
APOBEC3G	8	4.8502e-01	7.1272e-01	0.999998	2
CPNE7	8	4.8533e-01	7.1296e-01	0.999998	3
GCH1	8	4.8688e-01	7.1420e-01	0.999998	2
MCOLN2	8	4.8696e-01	7.1428e-01	0.999998	3
SLAMF7	8	4.8746e-01	7.1463e-01	0.999998	1
HIST1H3D	8	4.8761e-01	7.1476e-01	0.999998	3
ADA	8	4.8843e-01	7.1539e-01	0.999998	3
ANO5	8	4.8890e-01	7.1579e-01	0.999998	2
IFT81	8	4.8963e-01	7.1628e-01	0.999998	3
ARNTL2	8	4.9063e-01	7.1698e-01	0.999998	2
ZFP36	8	4.9150e-01	7.1764e-01	0.999998	2
ACHE	8	4.9193e-01	7.1790e-01	0.999998	2
ALDH1A2	8	4.9283e-01	7.1857e-01	0.999998	3
PLA2G7	8	4.9322e-01	7.1881e-01	0.999998	2
TOR1AIP2	8	4.9351e-01	7.1903e-01	0.999998	1
CHRNA6	8	4.9379e-01	7.1923e-01	0.999998	1
DDX4	8	4.9462e-01	7.1979e-01	0.999998	3
MAOA	8	4.9537e-01	7.2033e-01	0.999998	3
OSBPL5	8	4.9613e-01	7.2083e-01	0.999998	3
HEXDC	8	4.9689e-01	7.2137e-01	0.999998	3
NonTargetingControlGuideForHuman_0166	1	4.9808e-01	4.9795e-01	0.999998	0
ETNK1	8	4.9917e-01	7.2288e-01	0.999998	3
SLCO5A1	8	4.9982e-01	7.2338e-01	0.999998	3
PDPN	8	4.9998e-01	7.2351e-01	0.999998	3
NUP43	8	5.0006e-01	7.2358e-01	0.999998	1
LPL	8	5.0090e-01	7.2420e-01	0.999998	2
NonTargetingControlGuideForHuman_0160	1	5.0107e-01	5.0104e-01	0.999998	0
FSCN1	8	5.0175e-01	7.2483e-01	0.999998	2
PEX11A	8	5.0225e-01	7.2527e-01	0.999998	3
DZIP1L	8	5.0411e-01	7.2670e-01	0.999998	3
CEP19	8	5.0733e-01	7.2891e-01	0.999998	2
SIK1	8	5.0752e-01	7.2902e-01	0.999998	2
NonTargetingControlGuideForHuman_0174	1	5.1023e-01	5.1015e-01	0.999998	0
GZMB	8	5.1083e-01	7.3136e-01	0.999998	3
BHLHE40	8	5.1196e-01	7.3214e-01	0.999998	3
DHDH	8	5.1298e-01	7.3291e-01	0.999998	2
DSG2	8	5.1349e-01	7.3327e-01	0.999998	2
GPX2	8	5.1437e-01	7.3388e-01	0.999998	3
SGIP1	8	5.1459e-01	7.3405e-01	0.999998	1
TRIM6-TRIM34	8	5.1486e-01	7.3422e-01	0.999998	3
APOE	8	5.1504e-01	7.3432e-01	0.999998	2
MX1	8	5.1523e-01	7.3450e-01	0.999998	3
CLIC4	8	5.1542e-01	7.3460e-01	0.999998	3
TNFSF13B	8	5.1695e-01	7.3569e-01	0.999998	3
RIN2	8	5.1789e-01	7.3631e-01	0.999998	2
NonTargetingControlGuideForHuman_0173	1	5.1867e-01	5.1846e-01	0.999998	0
NonTargetingControlGuideForHuman_0073	1	5.1945e-01	5.1920e-01	0.999998	0
FNDC3B	8	5.1985e-01	7.3776e-01	0.999998	3
DUSP28	8	5.1991e-01	7.3782e-01	0.999998	3
CCDC23	8	5.2036e-01	7.3818e-01	0.999998	2
NonTargetingControlGuideForHuman_0005	1	5.2113e-01	5.2094e-01	0.999998	0
GGT5	8	5.2193e-01	7.3923e-01	0.999998	3
TJP1	8	5.2226e-01	7.3943e-01	0.999998	3
GML	8	5.2227e-01	7.3943e-01	0.999998	1
RAB39A	8	5.2233e-01	7.3945e-01	0.999998	2
ZNF350	8	5.2386e-01	7.4055e-01	0.999998	3
TRIM34	8	5.2390e-01	7.4058e-01	0.999998	3
LIF	8	5.2498e-01	7.4125e-01	0.999998	3
CDK17	8	5.2514e-01	7.4134e-01	0.999998	3
DCP1A	8	5.2626e-01	7.4210e-01	0.999998	3
ZCCHC2	8	5.2658e-01	7.4236e-01	0.999998	3
C5orf54	8	5.2768e-01	7.4314e-01	0.999998	1
ZNF385B	8	5.2809e-01	7.4340e-01	0.999998	3
SSTR2	8	5.2864e-01	7.4385e-01	0.999998	3
ECEL1	8	5.2938e-01	7.4435e-01	0.999998	2
RNF222	8	5.3122e-01	7.4561e-01	0.999998	3
NonTargetingControlGuideForHuman_0163	1	5.3133e-01	5.3084e-01	0.999998	0
ADM	8	5.3160e-01	7.4587e-01	0.999998	2
CBY3	8	5.3171e-01	7.4596e-01	0.999998	1
DTX3L	8	5.3186e-01	7.4607e-01	0.999998	3
THBD	8	5.3250e-01	7.4652e-01	0.999998	3
OR2B11	8	5.3307e-01	7.4689e-01	0.999998	2
ALDH1L2	8	5.3473e-01	7.4817e-01	0.999998	3
SLC1A3	8	5.3492e-01	7.4832e-01	0.999998	2
CCL7	8	5.3565e-01	7.4887e-01	0.999998	2
NonTargetingControlGuideForHuman_0111	1	5.3594e-01	5.3524e-01	0.999998	0
SNN	8	5.3624e-01	7.4927e-01	0.999998	2
NonTargetingControlGuideForHuman_0071	1	5.3704e-01	5.3633e-01	0.999998	0
DEFA3	8	5.3809e-01	7.5059e-01	0.999998	1
EXT1	8	5.3941e-01	7.5155e-01	0.999998	2
PLEKHN1	8	5.4141e-01	7.5292e-01	0.999998	3
C3AR1	8	5.4204e-01	7.5346e-01	0.999998	3
TRMT5	8	5.4282e-01	7.5403e-01	0.999998	2
TLX2	8	5.4309e-01	7.5421e-01	0.999998	2
ERI2	8	5.4335e-01	7.5439e-01	0.999998	2
GNB4	7	5.4383e-01	7.4608e-01	0.999998	2
LOC728485	8	5.4388e-01	7.5473e-01	0.999998	3
C5orf51	8	5.4647e-01	7.5676e-01	0.999998	3
FAM20C	8	5.4711e-01	7.5719e-01	0.999998	3
WNT10A	8	5.4861e-01	7.5837e-01	0.999998	2
ANP32B	8	5.4879e-01	7.5851e-01	0.999998	2
MT1X	8	5.4900e-01	7.5863e-01	0.999998	3
LHFPL1	8	5.4963e-01	7.5915e-01	0.999998	3
USP25	8	5.4985e-01	7.5929e-01	0.999998	2
CD86	8	5.5088e-01	7.6022e-01	0.999998	2
NonTargetingControlGuideForHuman_0154	1	5.5093e-01	5.5064e-01	0.999998	0
HLA-C	8	5.5184e-01	7.6092e-01	0.999998	3
P2RX7	8	5.5247e-01	7.6134e-01	0.999998	3
CA13	8	5.5258e-01	7.6145e-01	0.999998	2
UBTD2	8	5.5262e-01	7.6146e-01	0.999998	3
NonTargetingControlGuideForHuman_0061	1	5.5314e-01	5.5294e-01	0.999998	0
C6orf25	8	5.5404e-01	7.6252e-01	0.999998	3
CTRL	8	5.5436e-01	7.6279e-01	0.999998	3
NRP2	8	5.5498e-01	7.6315e-01	0.999998	3
CLEC2B	8	5.5577e-01	7.6373e-01	0.999998	3
MFI2	8	5.5624e-01	7.6412e-01	0.999998	3
PTPRO	8	5.5708e-01	7.6477e-01	0.999998	2
NonTargetingControlGuideForHuman_0121	1	5.5710e-01	5.5711e-01	0.999998	0
LYPLA1	8	5.5726e-01	7.6489e-01	0.999998	2
RHPN1	8	5.5754e-01	7.6507e-01	0.999998	2
HAPLN3	8	5.5852e-01	7.6584e-01	0.999998	3
INSIG1	8	5.6048e-01	7.6717e-01	0.999998	2
DAPP1	8	5.6094e-01	7.6751e-01	0.999998	3
BATF	8	5.6125e-01	7.6770e-01	0.999998	3
NonTargetingControlGuideForHuman_0148	1	5.6145e-01	5.6154e-01	0.999998	0
ANKEF1	8	5.6159e-01	7.6793e-01	0.999998	1
SLFN12	8	5.6578e-01	7.7092e-01	0.999998	3
BATF3	8	5.6672e-01	7.7156e-01	0.999998	3
CMPK2	8	5.6781e-01	7.7225e-01	0.999998	3
HSPA1B	8	5.6874e-01	7.7298e-01	0.999998	3
SWT1	8	5.6983e-01	7.7372e-01	0.999998	3
DDX60L	8	5.6991e-01	7.7380e-01	0.999998	3
NonTargetingControlGuideForHuman_0103	1	5.6996e-01	5.7009e-01	0.999998	0
G6PC	8	5.7014e-01	7.7392e-01	0.999998	3
RIPK3	8	5.7029e-01	7.7402e-01	0.999998	3
UGT1A3	8	5.7258e-01	7.7568e-01	0.999998	1
C5orf34	8	5.7283e-01	7.7591e-01	0.999998	1
SOCS1	8	5.7307e-01	7.7607e-01	0.999998	2
ST8SIA4	8	5.7355e-01	7.7641e-01	0.999998	3
IFT74	8	5.7406e-01	7.7682e-01	0.999998	2
ZUFSP	8	5.7603e-01	7.7824e-01	0.999998	3
PHACTR4	8	5.7726e-01	7.7909e-01	0.999998	3
CEACAM1	8	5.7749e-01	7.7928e-01	0.999998	3
TMEM177	8	5.7765e-01	7.7940e-01	0.999998	2
C15orf27	8	5.7788e-01	7.7958e-01	0.999998	3
SERPINF1	8	5.7940e-01	7.8060e-01	0.999998	2
ACOT9	8	5.7957e-01	7.8072e-01	0.999998	3
DDX24	8	5.8096e-01	7.8174e-01	0.999998	3
ZNF620	8	5.8097e-01	7.8174e-01	0.999998	3
NABP1	8	5.8114e-01	7.8183e-01	0.999998	2
TNFRSF11A	8	5.8204e-01	7.8257e-01	0.999998	3
DMXL2	8	5.8265e-01	7.8302e-01	0.999998	3
TNFRSF25	8	5.8280e-01	7.8315e-01	0.999998	3
UGT1A7	8	5.8284e-01	7.8317e-01	0.999998	2
ZNF844	8	5.8375e-01	7.8386e-01	0.999998	2
LGALS9C	8	5.8419e-01	7.8420e-01	0.999998	3
EPB41L3	8	5.8429e-01	7.8427e-01	0.999998	2
RHBDL3	8	5.8525e-01	7.8497e-01	0.999998	1
CCR5	8	5.8618e-01	7.8572e-01	0.999998	3
SIX4	8	5.8645e-01	7.8588e-01	0.999998	1
B3GNT5	8	5.8664e-01	7.8598e-01	0.999998	3
TYMP	8	5.8765e-01	7.8675e-01	0.999998	1
ICAM2	8	5.8980e-01	7.8834e-01	0.999998	2
NME8	8	5.9031e-01	7.8874e-01	0.999998	3
PDE4DIP	8	5.9076e-01	7.8905e-01	0.999998	3
MXD1	8	5.9153e-01	7.8959e-01	0.999998	3
C19orf66	8	5.9217e-01	7.9010e-01	0.999998	1
MTHFD1L	8	5.9244e-01	7.9031e-01	0.999998	3
MSC	8	5.9442e-01	7.9180e-01	0.999998	3
FAM53A	8	5.9639e-01	7.9327e-01	0.999998	3
ST6GALNAC1	8	5.9745e-01	7.9411e-01	0.999998	3
NonTargetingControlGuideForHuman_0051	1	5.9918e-01	5.9939e-01	0.999998	0
HEG1	8	6.0039e-01	7.9627e-01	0.999998	1
NFIX	8	6.0048e-01	7.9636e-01	0.999998	3
OR52N4	8	6.0058e-01	7.9643e-01	0.999998	2
LCN12	8	6.0078e-01	7.9656e-01	0.999998	3
APOL3	8	6.0143e-01	7.9704e-01	0.999998	2
NonTargetingControlGuideForHuman_0048	1	6.0171e-01	6.0206e-01	0.999998	0
NonTargetingControlGuideForHuman_0120	1	6.0223e-01	6.0253e-01	0.999998	0
PKLR	8	6.0229e-01	7.9770e-01	0.999998	3
RGS20	8	6.0262e-01	7.9790e-01	0.999998	2
NFE2L3	8	6.0290e-01	7.9812e-01	0.999998	3
C9orf64	8	6.0320e-01	7.9836e-01	0.999998	3
NonTargetingControlGuideForHuman_0056	1	6.0392e-01	6.0431e-01	0.999998	0
IRF9	8	6.0410e-01	7.9901e-01	0.999998	1
CBLN3	8	6.0561e-01	8.0015e-01	0.999998	3
NonTargetingControlGuideForHuman_0028	1	6.0586e-01	6.0617e-01	0.999998	0
GAL3ST1	8	6.0701e-01	8.0110e-01	0.999998	2
TTC21A	8	6.0786e-01	8.0176e-01	0.999998	3
GTPBP1	8	6.0802e-01	8.0187e-01	0.999998	2
HLA-F	8	6.0961e-01	8.0298e-01	0.999998	1
WLS	8	6.1007e-01	8.0330e-01	0.999998	1
MS4A12	8	6.1025e-01	8.0343e-01	0.999998	3
NonTargetingControlGuideForHuman_0193	1	6.1028e-01	6.1058e-01	0.999998	0
B4GALT5	8	6.1052e-01	8.0358e-01	0.999998	2
NonTargetingControlGuideForHuman_0011	1	6.1184e-01	6.1201e-01	0.999998	0
ZNF547	8	6.1211e-01	8.0475e-01	0.999998	1
YEATS2	8	6.1304e-01	8.0554e-01	0.999998	2
CCND3	8	6.1354e-01	8.0585e-01	0.999998	2
NonTargetingControlGuideForHuman_0009	1	6.1437e-01	6.1475e-01	0.999998	0
C6orf222	8	6.1640e-01	8.0799e-01	0.999998	1
NRIP3	8	6.1666e-01	8.0816e-01	0.999998	3
AK4	8	6.1685e-01	8.0832e-01	0.999998	1
NonTargetingControlGuideForHuman_0170	1	6.1774e-01	6.1807e-01	0.999998	0
UGT1A8	8	6.1775e-01	8.0896e-01	0.999998	2
EPC1	8	6.1785e-01	8.0905e-01	0.999998	3
SLC23A2	8	6.1874e-01	8.0971e-01	0.999998	3
GPR68	8	6.1948e-01	8.1027e-01	0.999998	3
HEY1	8	6.1968e-01	8.1042e-01	0.999998	2
MYO10	8	6.2067e-01	8.1110e-01	0.999998	3
NonTargetingControlGuideForHuman_0077	1	6.2170e-01	6.2215e-01	0.999998	0
MT1M	8	6.2288e-01	8.1261e-01	0.999998	3
PARS2	8	6.2419e-01	8.1362e-01	0.999998	1
NKD2	8	6.2494e-01	8.1415e-01	0.999998	2
IFIH1	8	6.2511e-01	8.1426e-01	0.999998	2
NonTargetingControlGuideForHuman_0003	1	6.2528e-01	6.2588e-01	0.999998	0
SMAD7	8	6.2744e-01	8.1603e-01	0.999998	3
ACRC	8	6.2847e-01	8.1678e-01	0.999998	3
ATCAY	8	6.2964e-01	8.1764e-01	0.999998	3
CCNG1	8	6.2984e-01	8.1777e-01	0.999998	2
G3BP1	8	6.3037e-01	8.1818e-01	0.999998	3
NonTargetingControlGuideForHuman_0161	1	6.3066e-01	6.3172e-01	0.999998	0
NonTargetingControlGuideForHuman_0042	1	6.3099e-01	6.3207e-01	0.999998	0
CXCL16	8	6.3130e-01	8.1870e-01	0.999998	2
HESX1	8	6.3169e-01	8.1898e-01	0.999998	3
AARS	8	6.3179e-01	8.1905e-01	0.999998	2
IRF5	8	6.3195e-01	8.1912e-01	0.999998	2
SPDYA	8	6.3292e-01	8.1980e-01	0.999998	2
PIM3	8	6.3359e-01	8.2036e-01	0.999998	3
CXCR4	8	6.3379e-01	8.2049e-01	0.999998	2
HELZ2	8	6.3443e-01	8.2105e-01	0.999998	2
GPR171	8	6.3727e-01	8.2281e-01	0.999998	2
AMPD3	8	6.3920e-01	8.2347e-01	0.999998	2
NonTargetingControlGuideForHuman_0135	1	6.3937e-01	6.4044e-01	0.999998	0
RASAL1	8	6.4063e-01	8.2400e-01	0.999998	2
HMSD	8	6.4317e-01	8.2510e-01	0.999998	1
NonTargetingControlGuideForHuman_0119	1	6.4333e-01	6.4444e-01	0.999998	0
ABTB2	8	6.4338e-01	8.2521e-01	0.999998	2
CD180	8	6.4464e-01	8.2562e-01	0.999998	2
NonTargetingControlGuideForHuman_0074	1	6.4553e-01	6.4673e-01	0.999998	0
FN1	8	6.4588e-01	8.2614e-01	0.999998	2
TRIB3	8	6.4762e-01	8.2682e-01	0.999998	2
CCL2	8	6.4778e-01	8.2690e-01	0.999998	2
VGLL2	8	6.4799e-01	8.2700e-01	0.999998	1
RIMS3	8	6.4862e-01	8.2723e-01	0.999998	1
GSG2	8	6.4904e-01	8.2740e-01	0.999998	2
RHOB	8	6.5014e-01	8.2782e-01	0.999998	2
GPR33	8	6.5048e-01	8.2801e-01	0.999998	2
ITGA1	8	6.5358e-01	8.2924e-01	0.999998	2
ZEB2	8	6.5375e-01	8.2933e-01	0.999998	2
NonTargetingControlGuideForHuman_0178	1	6.5397e-01	6.5513e-01	0.999998	0
OR52K2	8	6.5437e-01	8.2960e-01	0.999998	2
ASPA	8	6.5531e-01	8.2993e-01	0.999998	2
NonTargetingControlGuideForHuman_0012	1	6.5819e-01	6.5937e-01	0.999998	0
NonTargetingControlGuideForHuman_0063	1	6.6092e-01	6.6178e-01	0.999998	0
KLHL41	8	6.6166e-01	8.3248e-01	0.999998	2
NonTargetingControlGuideForHuman_0094	1	6.6183e-01	6.6280e-01	0.999998	0
NonTargetingControlGuideForHuman_0192	1	6.6378e-01	6.6468e-01	0.999998	0
CSF3R	8	6.6412e-01	8.3347e-01	0.999998	2
NonTargetingControlGuideForHuman_0031	1	6.6449e-01	6.6535e-01	0.999998	0
ZNRF2	8	6.6458e-01	8.3367e-01	0.999998	2
SOCS6	8	6.6511e-01	8.3386e-01	0.999998	1
NonTargetingControlGuideForHuman_0098	1	6.6579e-01	6.6668e-01	0.999998	0
NonTargetingControlGuideForHuman_0013	1	6.6586e-01	6.6672e-01	0.999998	0
SDC4	8	6.6611e-01	8.3425e-01	0.999998	2
NonTargetingControlGuideForHuman_0106	1	6.6618e-01	6.6708e-01	0.999998	0
HSPA4L	8	6.6641e-01	8.3438e-01	0.999998	2
ZNF189	8	6.6671e-01	8.3447e-01	0.999998	1
NonTargetingControlGuideForHuman_0188	1	6.6709e-01	6.6812e-01	0.999998	0
GPATCH11	8	6.6829e-01	8.3513e-01	0.999998	2
MICA	8	6.6908e-01	8.3546e-01	0.999998	1
NonTargetingControlGuideForHuman_0008	1	6.6923e-01	6.7025e-01	0.999998	0
NonTargetingControlGuideForHuman_0175	1	6.7008e-01	6.7101e-01	0.999998	0
C17orf66	8	6.7125e-01	8.3647e-01	0.999998	2
ELFN1	8	6.7320e-01	8.3727e-01	0.999998	1
NonTargetingControlGuideForHuman_0060	1	6.7345e-01	6.7413e-01	0.999998	0
SLCO4A1	8	6.7399e-01	8.3759e-01	0.999998	2
CLEC4F	8	6.7418e-01	8.3767e-01	0.999998	1
NonTargetingControlGuideForHuman_0186	1	6.7462e-01	6.7532e-01	0.999998	0
ATP10D	8	6.7476e-01	8.3788e-01	0.999998	2
LTF	8	6.7550e-01	8.3822e-01	0.999998	2
GJA4	8	6.7610e-01	8.3849e-01	0.999998	2
STX17	8	6.7612e-01	8.3851e-01	0.999998	2
GTF2IRD1	8	6.7700e-01	8.3891e-01	0.999998	2
NonTargetingControlGuideForHuman_0017	1	6.7709e-01	6.7769e-01	0.999998	0
NT5C3A	8	6.8036e-01	8.4031e-01	0.999998	2
SLC12A8	8	6.8093e-01	8.4051e-01	0.999998	2
CORIN	8	6.8147e-01	8.4074e-01	0.999998	2
BET1	8	6.8150e-01	8.4074e-01	0.999998	2
IRAK2	8	6.8246e-01	8.4113e-01	0.999998	2
CBWD6	8	6.8398e-01	8.4177e-01	0.999998	2
GBP7	8	6.8516e-01	8.4222e-01	0.999998	2
DNAJB5	8	6.8530e-01	8.4227e-01	0.999998	2
TMEM60	8	6.8531e-01	8.4227e-01	0.999998	2
CREBRF	8	6.8625e-01	8.4267e-01	0.999998	2
PRSS35	8	6.8681e-01	8.4290e-01	0.999998	1
RSPH9	8	6.8831e-01	8.4353e-01	0.999998	1
SSB	8	6.8898e-01	8.4386e-01	0.999998	2
GIMAP6	8	6.8985e-01	8.4423e-01	0.999998	2
NonTargetingControlGuideForHuman_0092	1	6.9053e-01	6.9116e-01	0.999998	0
NonTargetingControlGuideForHuman_0112	1	6.9059e-01	6.9122e-01	0.999998	0
IFI44L	8	6.9160e-01	8.4488e-01	0.999998	2
CALCA	8	6.9167e-01	8.4490e-01	0.999998	2
BAZ1A	8	6.9232e-01	8.4513e-01	0.999998	2
UBE2Z	8	6.9407e-01	8.4589e-01	0.999998	1
CCL20	8	6.9565e-01	8.4645e-01	0.999998	2
NOD1	8	6.9646e-01	8.4678e-01	0.999998	2
EHD4	8	6.9651e-01	8.4682e-01	0.999998	2
NOS2	8	6.9695e-01	8.4695e-01	0.999998	2
NonTargetingControlGuideForHuman_0145	1	6.9695e-01	6.9744e-01	0.999998	0
TCF4	8	6.9867e-01	8.4763e-01	0.999998	2
GIMAP7	8	6.9919e-01	8.4783e-01	0.999998	1
CTSS	8	7.0038e-01	8.4835e-01	0.999998	2
TSACC	8	7.0110e-01	8.4860e-01	0.999998	2
SEC14L3	8	7.0223e-01	8.4907e-01	0.999998	2
NUP62	8	7.0280e-01	8.4933e-01	0.999998	1
KCNJ11	8	7.0298e-01	8.4942e-01	0.999998	2
NonTargetingControlGuideForHuman_0064	1	7.0364e-01	7.0396e-01	0.999998	0
NonTargetingControlGuideForHuman_0196	1	7.0572e-01	7.0601e-01	0.999998	0
EDEM1	8	7.0662e-01	8.5093e-01	0.999998	2
ATP6V0A1	8	7.0868e-01	8.5185e-01	0.999998	2
NonTargetingControlGuideForHuman_0199	1	7.0929e-01	7.0946e-01	0.999998	0
SLC38A3	8	7.1110e-01	8.5282e-01	0.999998	2
CCL1	8	7.1306e-01	8.5370e-01	0.999998	2
NonTargetingControlGuideForHuman_0076	1	7.1358e-01	7.1397e-01	0.999998	0
CPA6	8	7.1360e-01	8.5398e-01	0.999998	2
LYPD3	8	7.1411e-01	8.5420e-01	0.999998	2
SDC3	8	7.1567e-01	8.5487e-01	0.999998	2
MACC1	8	7.1993e-01	8.5680e-01	0.999998	2
TNFSF15	8	7.2030e-01	8.5695e-01	0.999998	2
CETN3	8	7.2166e-01	8.5748e-01	0.999998	2
TNFRSF12A	8	7.2210e-01	8.5767e-01	0.999998	2
SDC2	8	7.2319e-01	8.5807e-01	0.999998	2
SEMA6B	8	7.2481e-01	8.5882e-01	0.999998	2
NonTargetingControlGuideForHuman_0038	1	7.2513e-01	7.2575e-01	0.999998	0
ZNF419	8	7.2554e-01	8.5917e-01	0.999998	2
MARCKS	8	7.2576e-01	8.5929e-01	0.999998	2
CKS2	8	7.2638e-01	8.5961e-01	0.999998	2
NR4A1	7	7.2663e-01	8.4334e-01	0.999998	2
PLA1A	8	7.2790e-01	8.6033e-01	0.999998	2
CALCRL	8	7.2817e-01	8.6049e-01	0.999998	2
CKB	8	7.3003e-01	8.6131e-01	0.999998	2
NonTargetingControlGuideForHuman_0184	1	7.3163e-01	7.3208e-01	0.999998	0
UBFD1	8	7.3204e-01	8.6220e-01	0.999998	2
TAP1	8	7.3349e-01	8.6286e-01	0.999998	2
NonTargetingControlGuideForHuman_0118	1	7.3442e-01	7.3487e-01	0.999998	0
ALAS1	8	7.3495e-01	8.6334e-01	0.999998	2
ZBTB6	8	7.3665e-01	8.6411e-01	0.999998	2
CDKN1A	8	7.3756e-01	8.6457e-01	0.999998	2
NKD1	8	7.3848e-01	8.6500e-01	0.999998	2
FAM200A	8	7.3866e-01	8.6512e-01	0.999998	2
SLC15A3	8	7.3887e-01	8.6525e-01	0.999998	2
NonTargetingControlGuideForHuman_0130	1	7.3890e-01	7.3960e-01	0.999998	0
CXCL3	8	7.3978e-01	8.6566e-01	0.999998	2
ABCB1	8	7.4138e-01	8.6640e-01	0.999998	2
PNP	8	7.4185e-01	8.6666e-01	0.999998	2
KIAA1199	8	7.4224e-01	8.6685e-01	0.999998	2
TRIM21	8	7.4327e-01	8.6735e-01	0.999998	2
TMEM187	8	7.4501e-01	8.6809e-01	0.999998	2
LAD1	8	7.4580e-01	8.6843e-01	0.999998	1
SLAMF9	8	7.4595e-01	8.6849e-01	0.999998	2
CARD17	8	7.4674e-01	8.6887e-01	0.999998	2
TMOD3	8	7.4689e-01	8.6893e-01	0.999998	2
DNAPTP3	8	7.4966e-01	8.7007e-01	0.999998	2
ZNF691	8	7.5218e-01	8.7135e-01	0.999998	2
SENP8	8	7.5244e-01	8.7146e-01	0.999998	2
NonTargetingControlGuideForHuman_0058	1	7.5286e-01	7.5339e-01	0.999998	0
NonTargetingControlGuideForHuman_0181	1	7.5318e-01	7.5370e-01	0.999998	0
SOBP	8	7.5322e-01	8.7183e-01	0.999998	1
NonTargetingControlGuideForHuman_0101	1	7.5390e-01	7.5441e-01	0.999998	0
SPON1	8	7.5507e-01	8.7276e-01	0.999998	2
UGT1A5	8	7.5535e-01	8.7287e-01	0.999998	1
PIPOX	8	7.5550e-01	8.7290e-01	0.999998	1
C6orf62	8	7.5668e-01	8.7341e-01	0.999998	2
FCGR3B	8	7.5743e-01	8.7374e-01	0.999998	2
C10orf55	8	7.5777e-01	8.7390e-01	0.999998	2
PRLR	8	7.5882e-01	8.7438e-01	0.999998	1
ZNF140	8	7.6061e-01	8.7511e-01	0.999998	2
DEFA1	8	7.6105e-01	8.7532e-01	0.999998	1
NonTargetingControlGuideForHuman_0155	1	7.6123e-01	7.6167e-01	0.999998	0
NonTargetingControlGuideForHuman_0165	1	7.6149e-01	7.6197e-01	0.999998	0
FKBP5	8	7.6223e-01	8.7578e-01	0.999998	2
NonTargetingControlGuideForHuman_0127	1	7.6299e-01	7.6341e-01	0.999998	0
NonTargetingControlGuideForHuman_0083	1	7.6318e-01	7.6361e-01	0.999998	0
ABCD1	8	7.6356e-01	8.7643e-01	0.999998	1
GIMAP4	8	7.6518e-01	8.7728e-01	0.999998	2
TXNIP	8	7.6561e-01	8.7750e-01	0.999998	1
PLSCR1	8	7.6829e-01	8.7871e-01	0.999998	2
NonTargetingControlGuideForHuman_0069	1	7.6954e-01	7.7017e-01	0.999998	0
COL4A2	8	7.6981e-01	8.7937e-01	0.999998	1
AZI2	8	7.7080e-01	8.7980e-01	0.999998	2
PROCR	8	7.7282e-01	8.8096e-01	0.999998	2
LARP4	8	7.7409e-01	8.8160e-01	0.999998	1
GRHL1	8	7.7471e-01	8.8190e-01	0.999998	2
SLC6A9	8	7.7522e-01	8.8213e-01	0.999998	1
SYNGR2	8	7.7530e-01	8.8217e-01	0.999998	2
PATL2	8	7.7578e-01	8.8244e-01	0.999998	2
NonTargetingControlGuideForHuman_0047	1	7.7740e-01	7.7828e-01	0.999998	0
SUSD3	8	7.7776e-01	8.8336e-01	0.999998	2
NonTargetingControlGuideForHuman_0151	1	7.7798e-01	7.7887e-01	0.999998	0
LRIF1	8	7.7857e-01	8.8372e-01	0.999998	2
DCDC5	8	7.7871e-01	8.8377e-01	0.999998	2
ZC3H12A	8	7.7939e-01	8.8414e-01	0.999998	2
NonTargetingControlGuideForHuman_0176	1	7.7948e-01	7.8035e-01	0.999998	0
NonTargetingControlGuideForHuman_0019	1	7.8091e-01	7.8185e-01	0.999998	0
PAPOLG	8	7.8193e-01	8.8538e-01	0.999998	2
ZNF572	8	7.8216e-01	8.8545e-01	0.999998	2
PML	8	7.8273e-01	8.8578e-01	0.999998	2
NSUN7	8	7.8338e-01	8.8608e-01	0.999998	2
ALX1	8	7.8488e-01	8.8687e-01	0.999998	2
NonTargetingControlGuideForHuman_0033	1	7.8668e-01	7.8748e-01	0.999998	0
ARHGAP27	8	7.8797e-01	8.8850e-01	0.999998	2
CALD1	8	7.8876e-01	8.8888e-01	0.999998	2
TRIB2	8	7.8910e-01	8.8906e-01	0.999998	2
FAM19A3	8	7.9011e-01	8.8954e-01	0.999998	2
IFIT3	8	7.9142e-01	8.9024e-01	0.999998	1
BAI1	8	7.9323e-01	8.9117e-01	0.999998	2
NonTargetingControlGuideForHuman_0086	1	7.9467e-01	7.9542e-01	0.999998	0
NonTargetingControlGuideForHuman_0053	1	7.9512e-01	7.9592e-01	0.999998	0
TRPA1	8	7.9586e-01	8.9247e-01	0.999998	1
ODC1	8	7.9599e-01	8.9254e-01	0.999998	1
NonTargetingControlGuideForHuman_0032	1	7.9636e-01	7.9712e-01	0.999998	0
CCDC42B	8	7.9638e-01	8.9268e-01	0.999998	1
CHI3L2	8	7.9677e-01	8.9286e-01	0.999998	1
NonTargetingControlGuideForHuman_0062	1	7.9701e-01	7.9781e-01	0.999998	0
C15orf48	8	7.9730e-01	8.9312e-01	0.999998	2
NonTargetingControlGuideForHuman_0189	1	7.9831e-01	7.9909e-01	0.999998	0
SERPINB9	8	7.9869e-01	8.9386e-01	0.999998	2
SIAH3	8	7.9907e-01	8.9402e-01	0.999998	2
NonTargetingControlGuideForHuman_0004	1	7.9908e-01	7.9973e-01	0.999998	0
NonTargetingControlGuideForHuman_0100	1	8.0110e-01	8.0181e-01	0.999998	0
KIR2DL5A	8	8.0123e-01	8.9508e-01	0.999998	1
HIST1H1D	8	8.0132e-01	8.9511e-01	0.999998	2
KCNN1	8	8.0229e-01	8.9556e-01	0.999998	2
TRIM36	8	8.0312e-01	8.9599e-01	0.999998	1
NPR2	8	8.0336e-01	8.9611e-01	0.999998	2
MCL1	8	8.0374e-01	8.9628e-01	0.999998	2
NonTargetingControlGuideForHuman_0108	1	8.0421e-01	8.0489e-01	0.999998	0
C14orf79	8	8.0443e-01	8.9659e-01	0.999998	2
NonTargetingControlGuideForHuman_0085	1	8.0499e-01	8.0568e-01	0.999998	0
ASB2	8	8.0581e-01	8.9735e-01	0.999998	2
PPARG	8	8.0598e-01	8.9745e-01	0.999998	1
GPR161	8	8.0645e-01	8.9776e-01	0.999998	2
GIN1	8	8.0708e-01	8.9809e-01	0.999998	2
CHMP5	8	8.0782e-01	8.9850e-01	0.999998	2
DACT3	8	8.0897e-01	8.9912e-01	0.999998	2
SSTR3	8	8.1033e-01	8.9977e-01	0.999998	2
EDN1	8	8.1117e-01	9.0018e-01	0.999998	2
NonTargetingControlGuideForHuman_0144	1	8.1123e-01	8.1170e-01	0.999998	0
PLAC4	8	8.1124e-01	9.0024e-01	0.999998	1
CREB3L3	8	8.1158e-01	9.0036e-01	0.999998	2
PDGFC	8	8.1184e-01	9.0051e-01	0.999998	1
SPPL2A	8	8.1324e-01	9.0127e-01	0.999998	2
NonTargetingControlGuideForHuman_0122	1	8.1343e-01	8.1382e-01	0.999998	0
S100A8	8	8.1495e-01	9.0214e-01	0.999998	1
NonTargetingControlGuideForHuman_0067	1	8.1519e-01	8.1542e-01	0.999998	0
TIMD4	8	8.1631e-01	9.0290e-01	0.999998	2
PPP2R5C	8	8.1719e-01	9.0341e-01	0.999998	1
NonTargetingControlGuideForHuman_0081	1	8.1726e-01	8.1747e-01	0.999998	0
ATP1B1	8	8.2046e-01	9.0516e-01	0.999998	2
NonTargetingControlGuideForHuman_0109	1	8.2051e-01	8.2056e-01	0.999998	0
INHBA	8	8.2076e-01	9.0533e-01	0.999998	2
NonTargetingControlGuideForHuman_0185	1	8.2291e-01	8.2294e-01	0.999998	0
P2RX4	8	8.2298e-01	9.0649e-01	0.999998	1
SLC25A30	8	8.2412e-01	9.0707e-01	0.999998	1
MOCS3	8	8.2571e-01	9.0793e-01	0.999998	2
TCTEX1D1	8	8.2776e-01	9.0916e-01	0.999998	2
CD72	8	8.2805e-01	9.0932e-01	0.999998	2
NonTargetingControlGuideForHuman_0123	1	8.3005e-01	8.3006e-01	0.999998	0
TTC26	8	8.3105e-01	9.1096e-01	0.999998	2
KIAA1671	8	8.3181e-01	9.1143e-01	0.999998	2
PYHIN1	8	8.3224e-01	9.1167e-01	0.999998	1
AKAP7	8	8.3235e-01	9.1171e-01	0.999998	2
TMEM51	8	8.3278e-01	9.1198e-01	0.999998	2
NonTargetingControlGuideForHuman_0128	1	8.3291e-01	8.3285e-01	0.999998	0
KCNJ2	8	8.3322e-01	9.1220e-01	0.999998	1
MVB12B	8	8.3476e-01	9.1309e-01	0.999998	2
WHAMM	8	8.3516e-01	9.1327e-01	0.999998	1
NonTargetingControlGuideForHuman_0082	1	8.3557e-01	8.3556e-01	0.999998	0
NEXN	8	8.3687e-01	9.1429e-01	0.999998	1
NonTargetingControlGuideForHuman_0102	1	8.3908e-01	8.3919e-01	0.999998	0
STARD4	8	8.3940e-01	9.1572e-01	0.999998	1
ZNF610	8	8.4081e-01	9.1654e-01	0.999998	2
IGFBP2	8	8.4159e-01	9.1693e-01	0.999998	1
SKIL	8	8.4200e-01	9.1714e-01	0.999998	2
TRIM5	8	8.4254e-01	9.1749e-01	0.999998	2
NonTargetingControlGuideForHuman_0195	1	8.4278e-01	8.4306e-01	0.999998	0
NOTCH3	8	8.4324e-01	9.1788e-01	0.999998	1
CYP19A1	8	8.4334e-01	9.1792e-01	0.999998	1
CD38	8	8.4336e-01	9.1792e-01	0.999998	2
RMI1	8	8.4345e-01	9.1799e-01	0.999998	2
IFIT5	8	8.4354e-01	9.1806e-01	0.999998	2
TBX1	8	8.4406e-01	9.1835e-01	0.999998	1
SLC39A8	8	8.4487e-01	9.1886e-01	0.999998	1
RGS13	8	8.4750e-01	9.2034e-01	0.999998	2
TMEM123	8	8.4803e-01	9.2063e-01	0.999998	2
CH25H	8	8.4949e-01	9.2135e-01	0.999998	1
NonTargetingControlGuideForHuman_0030	1	8.4973e-01	8.5000e-01	0.999998	0
VGF	8	8.5015e-01	9.2175e-01	0.999998	2
TLN2	8	8.5111e-01	9.2227e-01	0.999998	2
IFITM2	8	8.5273e-01	9.2316e-01	0.999998	1
FPR3	8	8.5283e-01	9.2321e-01	0.999998	1
HLA-DPA1	8	8.5337e-01	9.2354e-01	0.999998	2
SPINK1	8	8.5476e-01	9.2436e-01	0.999998	2
DYNLL1	8	8.5526e-01	9.2462e-01	0.999998	2
LEPR	8	8.5620e-01	9.2518e-01	0.999998	2
C4orf32	8	8.5713e-01	9.2571e-01	0.999998	2
SAMD9	8	8.5899e-01	9.2677e-01	0.999998	2
ODF3B	8	8.5902e-01	9.2679e-01	0.999998	1
ENPP2	8	8.5911e-01	9.2685e-01	0.999998	1
IRF2BPL	8	8.5916e-01	9.2688e-01	0.999998	2
RTN2	8	8.5966e-01	9.2713e-01	0.999998	2
SLC18B1	8	8.5977e-01	9.2719e-01	0.999998	1
STAP1	8	8.5995e-01	9.2726e-01	0.999998	1
NonTargetingControlGuideForHuman_0072	1	8.6005e-01	8.6058e-01	0.999998	0
NonTargetingControlGuideForHuman_0114	1	8.6057e-01	8.6106e-01	0.999998	0
ELL3	8	8.6133e-01	9.2805e-01	0.999998	2
LPPR4	8	8.6199e-01	9.2852e-01	0.999998	2
MINPP1	8	8.6526e-01	9.3057e-01	0.999998	2
SLAMF8	8	8.6599e-01	9.3099e-01	0.999998	2
BUB1	8	8.6648e-01	9.3129e-01	0.999998	2
NonTargetingControlGuideForHuman_0054	1	8.6674e-01	8.6728e-01	0.999998	0
TCN2	8	8.6714e-01	9.3165e-01	0.999998	1
NonTargetingControlGuideForHuman_0158	1	8.6823e-01	8.6868e-01	0.999998	0
C19orf35	8	8.6890e-01	9.3258e-01	0.999998	1
42981	8	8.7030e-01	9.3286e-01	0.999998	1
NonTargetingControlGuideForHuman_0035	1	8.7096e-01	8.7136e-01	0.999998	0
ADAMTS6	8	8.7130e-01	9.3306e-01	0.999998	1
SLC25A28	8	8.7433e-01	9.3374e-01	0.999998	1
TLCD1	8	8.7526e-01	9.3391e-01	0.999998	1
C1orf95	8	8.7643e-01	9.3414e-01	0.999998	1
NAMPT	8	8.7734e-01	9.3433e-01	0.999998	1
OSM	8	8.7948e-01	9.3479e-01	0.999998	1
MAFF	8	8.8150e-01	9.3530e-01	0.999998	1
AMACR	8	8.8215e-01	9.3547e-01	0.999998	1
NonTargetingControlGuideForHuman_0002	1	8.8342e-01	8.8390e-01	0.999998	0
NMRAL1	8	8.8405e-01	9.3589e-01	0.999998	1
SERPINB2	8	8.8507e-01	9.3616e-01	0.999998	1
NonTargetingControlGuideForHuman_0020	1	8.8687e-01	8.8756e-01	0.999998	0
NonTargetingControlGuideForHuman_0091	1	8.8719e-01	8.8789e-01	0.999998	0
FFAR3	8	8.8794e-01	9.3685e-01	0.999998	1
CD69	8	8.9303e-01	9.3819e-01	0.999998	1
SEC62	8	8.9333e-01	9.3829e-01	0.999998	1
IFI35	8	8.9340e-01	9.3831e-01	0.999998	1
NonTargetingControlGuideForHuman_0134	1	8.9362e-01	8.9436e-01	0.999998	0
KIAA0040	8	8.9601e-01	9.3888e-01	0.999998	1
UGT1A10	8	8.9637e-01	9.3897e-01	0.999998	1
SYNJ1	8	8.9743e-01	9.3931e-01	0.999998	1
FAM170B	8	9.0127e-01	9.4028e-01	0.999998	1
SELL	8	9.0195e-01	9.4050e-01	0.999998	1
NonTargetingControlGuideForHuman_0065	1	9.0225e-01	9.0302e-01	0.999998	0
NonTargetingControlGuideForHuman_0093	1	9.0316e-01	9.0392e-01	0.999998	0
FTSJD2	8	9.0317e-01	9.4081e-01	0.999998	1
NonTargetingControlGuideForHuman_0090	1	9.0673e-01	9.0750e-01	0.999998	0
NonTargetingControlGuideForHuman_0131	1	9.0751e-01	9.0834e-01	0.999998	0
GCNT1	8	9.0810e-01	9.4215e-01	0.999998	1
NonTargetingControlGuideForHuman_0023	1	9.0881e-01	9.0968e-01	0.999998	0
DYSF	8	9.0957e-01	9.4265e-01	0.999998	1
NonTargetingControlGuideForHuman_0037	1	9.1108e-01	9.1184e-01	0.999998	0
C1orf74	8	9.1220e-01	9.4356e-01	0.999998	1
NonTargetingControlGuideForHuman_0116	1	9.1232e-01	9.1311e-01	0.999998	0
TCIRG1	8	9.1477e-01	9.4432e-01	0.999998	1
GPR155	8	9.1537e-01	9.4452e-01	0.999998	1
EML4	8	9.1602e-01	9.4477e-01	0.999998	1
NonTargetingControlGuideForHuman_0168	1	9.1641e-01	9.1709e-01	0.999998	0
NonTargetingControlGuideForHuman_0043	1	9.1686e-01	9.1764e-01	0.999998	0
ATP10B	8	9.1709e-01	9.4518e-01	0.999998	1
NonTargetingControlGuideForHuman_0171	1	9.1907e-01	9.1975e-01	0.999998	0
HIST1H1C	8	9.1981e-01	9.4601e-01	0.999998	1
GIMAP8	8	9.2038e-01	9.4621e-01	0.999998	1
FABP3	8	9.2123e-01	9.4651e-01	0.999998	1
PHF15	8	9.2190e-01	9.4673e-01	0.999998	1
CMTR1	8	9.2229e-01	9.4688e-01	0.999998	1
MOB3C	8	9.2268e-01	9.4701e-01	0.999998	1
MOAP1	8	9.2290e-01	9.4709e-01	0.999998	1
NonTargetingControlGuideForHuman_0117	1	9.2361e-01	9.2434e-01	0.999998	0
UPB1	8	9.2508e-01	9.4787e-01	0.999998	1
MAP3K5	8	9.2636e-01	9.4836e-01	0.999998	1
NonTargetingControlGuideForHuman_0190	1	9.2699e-01	9.2756e-01	0.999998	0
C1QTNF1	8	9.2752e-01	9.4879e-01	0.999998	1
RRH	8	9.2912e-01	9.4939e-01	0.999998	1
CHRM5	8	9.2938e-01	9.4951e-01	0.999998	1
NonTargetingControlGuideForHuman_0142	1	9.3108e-01	9.3146e-01	0.999998	0
STAT4	8	9.3292e-01	9.5087e-01	0.999998	1
C22orf28	8	9.3322e-01	9.5097e-01	0.999998	1
IL15	8	9.3471e-01	9.5153e-01	0.999998	1
MREG	8	9.3537e-01	9.5182e-01	0.999998	1
SMTNL1	6	9.3571e-01	9.3668e-01	0.999998	1
STAT1	8	9.3910e-01	9.5354e-01	0.999998	1
ANKRD1	8	9.3933e-01	9.5362e-01	0.999998	1
DUSP16	8	9.3946e-01	9.5367e-01	0.999998	1
TAPBPL	8	9.4123e-01	9.5441e-01	0.999998	1
MAB21L2	8	9.4209e-01	9.5478e-01	0.999998	1
NonTargetingControlGuideForHuman_0105	1	9.4290e-01	9.4313e-01	0.999998	0
GTF2E1	8	9.4349e-01	9.5531e-01	0.999998	1
DYNLT1	8	9.4416e-01	9.5562e-01	0.999998	1
CSRNP1	8	9.4445e-01	9.5572e-01	0.999998	1
HLA-E	8	9.4609e-01	9.5662e-01	0.999998	1
NonTargetingControlGuideForHuman_0044	1	9.4673e-01	9.4696e-01	0.999998	0
NonTargetingControlGuideForHuman_0016	1	9.5010e-01	9.5038e-01	0.999998	0
IQGAP2	8	9.5010e-01	9.5845e-01	0.999998	1
MTCP1	8	9.5048e-01	9.5865e-01	0.999998	1
CX3CR1	8	9.5258e-01	9.5971e-01	0.999998	1
GIMAP2	8	9.5304e-01	9.5997e-01	0.999998	1
VRK2	8	9.5386e-01	9.6040e-01	0.999998	1
COL27A1	8	9.5483e-01	9.6097e-01	0.999998	1
MEP1A	8	9.5514e-01	9.6115e-01	0.999998	1
KLHL34	8	9.5549e-01	9.6136e-01	0.999998	1
DMD	8	9.5749e-01	9.6257e-01	0.999998	1
UGT1A9	8	9.5831e-01	9.6297e-01	0.999998	1
MT1G	8	9.5843e-01	9.6305e-01	0.999998	1
SLC1A4	8	9.5910e-01	9.6339e-01	0.999998	1
GRAMD1B	8	9.6001e-01	9.6395e-01	0.999998	1
PIWIL4	8	9.6103e-01	9.6466e-01	0.999998	1
SPSB1	8	9.6106e-01	9.6468e-01	0.999998	1
KIAA0825	8	9.6121e-01	9.6477e-01	0.999998	1
NonTargetingControlGuideForHuman_0046	1	9.6153e-01	9.6202e-01	0.999998	0
MICB	8	9.6243e-01	9.6556e-01	0.999998	1
NAPA	8	9.6379e-01	9.6646e-01	0.999998	1
TAGLN	8	9.6402e-01	9.6661e-01	0.999998	1
NonTargetingControlGuideForHuman_0010	1	9.6406e-01	9.6450e-01	0.999998	0
NonTargetingControlGuideForHuman_0172	1	9.6491e-01	9.6527e-01	0.999998	0
SRRM3	6	9.6562e-01	9.6571e-01	0.999998	0
CCR7	8	9.6566e-01	9.6775e-01	0.999998	1
NonTargetingControlGuideForHuman_0194	1	9.6763e-01	9.6806e-01	0.999998	0
TRIM14	8	9.6849e-01	9.6972e-01	0.999998	1
NonTargetingControlGuideForHuman_0107	1	9.6867e-01	9.6899e-01	0.999998	0
LMTK3	8	9.6869e-01	9.6992e-01	0.999998	1
C2	8	9.6950e-01	9.7052e-01	0.999998	1
NR4A3	8	9.6960e-01	9.7059e-01	0.999998	1
HLA-B	8	9.6963e-01	9.7060e-01	0.999998	1
RIF1	8	9.6989e-01	9.7081e-01	0.999998	1
ZMYND15	8	9.7018e-01	9.7100e-01	0.999998	1
LOR	8	9.7052e-01	9.7126e-01	0.999998	1
CD84	8	9.7057e-01	9.7133e-01	0.999998	1
FICD	8	9.7264e-01	9.7301e-01	0.999998	1
NonTargetingControlGuideForHuman_0159	1	9.7335e-01	9.7353e-01	0.999998	0
LYSMD2	8	9.7450e-01	9.7459e-01	0.999998	1
UGT1A4	8	9.7551e-01	9.7563e-01	0.999998	1
UGT1A6	8	9.7557e-01	9.7568e-01	0.999998	1
N4BP1	8	9.7581e-01	9.7587e-01	0.999998	1
KCTD14	8	9.7587e-01	9.7593e-01	0.999998	1
KLF10	8	9.7624e-01	9.7621e-01	0.999998	1
CCR1	7	9.7838e-01	9.7780e-01	0.999998	0
CDH1	8	9.7927e-01	9.7929e-01	0.999998	0
ZC3HAV1L	8	9.7953e-01	9.7952e-01	0.999998	0
LGALS2	8	9.7957e-01	9.7956e-01	0.999998	0
RGS16	8	9.7969e-01	9.7970e-01	0.999998	0
NonTargetingControlGuideForHuman_0110	1	9.8101e-01	9.8104e-01	0.999998	0
FCGR2A	8	9.8104e-01	9.8099e-01	0.999998	0
NonTargetingControlGuideForHuman_0197	1	9.8153e-01	9.8163e-01	0.999998	0
ERLEC1	8	9.8262e-01	9.8253e-01	0.999998	0
NonTargetingControlGuideForHuman_0079	1	9.8309e-01	9.8339e-01	0.999998	0
KCTD21	8	9.8404e-01	9.8391e-01	0.999998	0
CTXN1	8	9.8418e-01	9.8401e-01	0.999998	0
OLFM2	8	9.8476e-01	9.8466e-01	0.999998	0
MTF1	8	9.8596e-01	9.8586e-01	0.999998	0
NKX3-1	8	9.8663e-01	9.8650e-01	0.999998	0
NonTargetingControlGuideForHuman_0088	1	9.8692e-01	9.8718e-01	0.999998	0
MN1	8	9.8707e-01	9.8696e-01	0.999998	0
ETV7	8	9.8713e-01	9.8702e-01	0.999998	0
FXYD6	8	9.8789e-01	9.8784e-01	0.999998	0
HEY2	8	9.8851e-01	9.8849e-01	0.999998	0
CCL4L2	8	9.8938e-01	9.8941e-01	0.999998	0
KIR2DS5	8	9.8970e-01	9.8970e-01	0.999998	0
PSEN2	8	9.8989e-01	9.8989e-01	0.999998	0
TPRG1	8	9.8996e-01	9.8998e-01	0.999998	0
MMP14	8	9.9023e-01	9.9021e-01	0.999998	0
ZNF200	8	9.9032e-01	9.9030e-01	0.999998	0
PTPRD	8	9.9041e-01	9.9041e-01	0.999998	0
CBS	8	9.9098e-01	9.9091e-01	0.999998	0
CD9	8	9.9195e-01	9.9189e-01	0.999998	0
ARL5B	8	9.9238e-01	9.9241e-01	0.999998	0
JUP	8	9.9248e-01	9.9250e-01	0.999998	0
PCBP3	8	9.9304e-01	9.9308e-01	0.999998	0
FAM8A1	8	9.9327e-01	9.9328e-01	0.999998	0
TMEM255A	8	9.9355e-01	9.9361e-01	0.999998	0
UGDH	8	9.9361e-01	9.9368e-01	0.999998	0
PLA2G4A	8	9.9394e-01	9.9399e-01	0.999998	0
MYO1E	8	9.9437e-01	9.9446e-01	0.999998	0
MIA3	8	9.9439e-01	9.9447e-01	0.999998	0
DUOX2	8	9.9472e-01	9.9483e-01	0.999998	0
SLC37A2	8	9.9505e-01	9.9512e-01	0.999998	0
BLMH	8	9.9544e-01	9.9545e-01	0.999998	0
FNDC7	8	9.9553e-01	9.9552e-01	0.999998	0
HERC5	8	9.9578e-01	9.9581e-01	0.999998	0
GCA	8	9.9631e-01	9.9628e-01	0.999998	0
RASAL2	8	9.9657e-01	9.9653e-01	0.999998	0
AMOTL2	8	9.9700e-01	9.9698e-01	0.999998	0
NonTargetingControlGuideForHuman_0015	1	9.9750e-01	9.9754e-01	0.999998	0
ELF1	8	9.9796e-01	9.9793e-01	0.999998	0
IFNAR1	8	9.9830e-01	9.9824e-01	0.999998	0
ICAM1	8	9.9847e-01	9.9841e-01	0.999998	0
NonTargetingControlGuideForHuman_0025	1	9.9880e-01	9.9884e-01	0.999998	0
APOL6	8	9.9981e-01	9.9980e-01	0.999998	0
LY6E	8	9.9987e-01	9.9988e-01	0.999998	0
DAXX	8	9.9994e-01	9.9993e-01	0.999998	0
IFI6	8	9.9995e-01	9.9995e-01	0.999998	0
STAT2	8	1.0000e+00	1.0000e+00	0.999998	0
